1479752167.65 -3.0786893212743394, 4.152064947038089, 0.8669560070425254, 0.9902385941712828, 1.9388748836900016, 0.8192834927383168 0.36176673948 -0.256588520912 0.19724595915 0.499359104159 -0.494291475275 0.4947852093520.511374636809 None-0.32492759823799133, -11.831619262695312, 0.5971823334693909, -0.33869796991348267, 0.84311842918396, 0.0892677754163742
1479752167.68 -3.0786893212743394, 4.152064947038089, 0.8669560070425254, 0.9902385941712828, 1.9388748836900016, 0.8192834927383168 0.36176673948 -0.256588520912 0.19724595915 0.499359104159 -0.494291475275 0.4947852093520.511374636809 0.0850000008941-0.3100322484970093, -11.848708152770996, 0.6263662576675415, -0.3424949645996094, 0.8412521481513977, 0.09467650949954987
1479752167.71 -3.0786893212743394, 4.152064947038089, 0.8669560070425254, 0.9902385941712828, 1.9388748836900016, 0.8192834927383168 0.36176673948 -0.256588520912 0.19724595915 0.499359104159 -0.494291475275 0.4947852093520.511374636809 0.0850000008941-0.30918607115745544, -11.862283706665039, 0.6346636414527893, -0.3298516273498535, 0.8422607779502869, 0.09772725403308868
1479752167.75 -3.0786893212743394, 4.152064947038089, 0.8669560070425254, 0.9902360641682472, 1.9388748836900016, 0.8192834927383168 0.361766104932 -0.256588667623 0.197246048219 0.499358384317 -0.494292016454 0.494784636280.511375371115 0.0850000008941-0.33728015422821045, -11.809136390686035, 0.6206830143928528, -0.33138781785964966, 0.8377513885498047, 0.09749701619148254
1479752167.78 -3.0786893212743394, 4.152064947038089, 0.8669560070425254, 0.9902360641682472, 1.9388748836900016, 0.8192834927383168 0.361766104932 -0.256588667623 0.197246048219 0.499358384317 -0.494292016454 0.494784636280.511375371115 0.0850000008941-0.3012261986732483, -11.837990760803223, 0.6072841882705688, -0.3288053572177887, 0.8575789928436279, 0.0944426953792572
1479752167.81 -3.0786893212743394, 4.152064947038089, 0.8669560070425254, 0.9902360641682472, 1.9388748836900016, 0.8192834927383168 0.361766104932 -0.256588667623 0.197246048219 0.499358384317 -0.494292016454 0.494784636280.511375371115 0.0850000008941-0.2934223711490631, -11.831709861755371, 0.6342121958732605, -0.33466067910194397, 0.8607504963874817, 0.1028124988079071
1479752167.85 -3.0786893212743394, 4.152064947038089, 0.8669560070425254, 0.9902360641682472, 1.9388748836900016, 0.8192834927383168 0.361766104932 -0.256588667623 0.197246048219 0.499358384317 -0.494292016454 0.494784636280.511375371115 0.0850000008941-0.3054235279560089, -11.851702690124512, 0.6234292984008789, -0.3293241262435913, 0.8313736915588379, 0.09993921220302582
1479752167.88 -3.0786893212743394, 4.152064947038089, 0.8669560070425254, 0.9902360641682472, 1.9388748836900016, 0.8192834927383168 0.361766104932 -0.256588667623 0.197246048219 0.499358384317 -0.494292016454 0.494784636280.511375371115 0.0850000008941-0.2925627529621124, -11.875509262084961, 0.5986060500144958, -0.3346885144710541, 0.8497293591499329, 0.0907345712184906
1479752167.91 -3.0786893212743394, 4.152064947038089, 0.8669560070425254, 0.9902360641682472, 1.9388748836900016, 0.8192834927383168 0.361766104932 -0.256588667623 0.197246048219 0.499358384317 -0.494292016454 0.494784636280.511375371115 0.0850000008941-0.32864969968795776, -11.85226821899414, 0.6237648725509644, -0.344723105430603, 0.8474423885345459, 0.09888000786304474
1479752167.95 -3.0786893212743394, 4.152064947038089, 0.8669560070425254, 0.9902360641682472, 1.9388748836900016, 0.8192834927383168 0.361766104932 -0.256588667623 0.197246048219 0.499358384317 -0.494292016454 0.494784636280.511375371115 0.0850000008941-0.3352678120136261, -11.851146697998047, 0.6230462193489075, -0.33836328983306885, 0.8381556272506714, 0.10192594677209854
1479752167.98 -3.0786893212743394, 4.152064947038089, 0.8669560070425254, 0.9902360641682472, 1.9388748836900016, 0.8192834927383168 0.361766104932 -0.256588667623 0.197246048219 0.499358384317 -0.494292016454 0.494784636280.511375371115 0.0850000008941-0.3256373107433319, -11.83486270904541, 0.6342630982398987, -0.3317142426967621, 0.8488638401031494, 0.10139939188957214
1479752168.01 -3.0786893212743394, 4.152064947038089, 0.8669560070425254, 0.9902360641682472, 1.9388748836900016, 0.8192834927383168 0.361766104932 -0.256588667623 0.197246048219 0.499358384317 -0.494292016454 0.494784636280.511375371115 0.0850000008941-0.32333600521087646, -11.805780410766602, 0.6219909191131592, -0.3345675766468048, 0.8477308750152588, 0.0997302383184433
1479752168.05 -3.0786893212743394, 4.152064947038089, 0.8669560070425254, 0.9902360641682472, 1.9388748836900016, 0.8192834927383168 0.361766104932 -0.256588667623 0.197246048219 0.499358384317 -0.494292016454 0.494784636280.511375371115 0.0850000008941-0.3017973303794861, -11.869811058044434, 0.6138023734092712, -0.3356941342353821, 0.8409093618392944, 0.09462419897317886
1479752168.08 -3.0786893212743394, 4.152064947038089, 0.8669560070425254, 0.9902360641682472, 1.9388748836900016, 0.8192834927383168 0.361766104932 -0.256588667623 0.197246048219 0.499358384317 -0.494292016454 0.494784636280.511375371115 0.0850000008941-0.31578749418258667, -11.842696189880371, 0.6090115308761597, -0.339618980884552, 0.8568553328514099, 0.1039494052529335
1479752168.11 -3.0786893212743394, 4.152064947038089, 0.8669560070425254, 0.9902360641682472, 1.9388748836900016, 0.8192834927383168 0.361766104932 -0.256588667623 0.197246048219 0.499358384317 -0.494292016454 0.494784636280.511375371115 0.0850000008941-0.292720764875412, -11.842260360717773, 0.6174958944320679, -0.33807820081710815, 0.8539516925811768, 0.09084673225879669
1479752168.15 -3.0786893212743394, 4.152064947038089, 0.8669560070425254, 0.9902360641682472, 1.9388748836900016, 0.8192834927383168 0.361766104932 -0.256588667623 0.197246048219 0.499358384317 -0.494292016454 0.494784636280.511375371115 0.0850000008941-0.33285456895828247, -11.873233795166016, 0.6283431649208069, -0.33784738183021545, 0.8365609645843506, 0.09279750287532806
1479752168.18 -3.0786893212743394, 4.152064947038089, 0.8669560070425254, 0.9902360641682472, 1.9388748836900016, 0.8192834927383168 0.361766104932 -0.256588667623 0.197246048219 0.499358384317 -0.494292016454 0.494784636280.511375371115 0.0850000008941-0.31015634536743164, -11.799495697021484, 0.6319873332977295, -0.34484392404556274, 0.8459175229072571, 0.08940919488668442
1479752168.21 -3.0786893212743394, 4.152064947038089, 0.8669560070425254, 0.9902360641682472, 1.9388748836900016, 0.8192834927383168 0.361766104932 -0.256588667623 0.197246048219 0.499358384317 -0.494292016454 0.494784636280.511375371115 0.0850000008941-0.30352091789245605, -11.828351974487305, 0.6334264278411865, -0.3438936471939087, 0.8543719053268433, 0.08672212809324265
1479752168.25 -3.0786893212743394, 4.152064947038089, 0.8669560070425254, 0.9902360641682472, 1.9388748836900016, 0.8192834927383168 0.361766104932 -0.256588667623 0.197246048219 0.499358384317 -0.494292016454 0.494784636280.511375371115 0.0850000008941-0.3199067711830139, -11.843925476074219, 0.6132419109344482, -0.3245304822921753, 0.8402513265609741, 0.09880616515874863
1479752168.28 -3.0786893212743394, 4.152064947038089, 0.8669560070425254, 0.9902360641682472, 1.9388748836900016, 0.8192834927383168 0.361766104932 -0.256588667623 0.197246048219 0.499358384317 -0.494292016454 0.494784636280.511375371115 0.0850000008941-0.32822006940841675, -11.817660331726074, 0.5685476660728455, -0.32941049337387085, 0.8445509672164917, 0.08651501685380936
1479752168.31 -3.0786893212743394, 4.152064947038089, 0.8669560070425254, 0.9902360641682472, 1.9388748836900016, 0.8192834927383168 0.361766104932 -0.256588667623 0.197246048219 0.499358384317 -0.494292016454 0.494784636280.511375371115 0.0850000008941-0.3099351227283478, -11.866520881652832, 0.6284738183021545, -0.34663715958595276, 0.8504576086997986, 0.10036315023899078
1479752168.34 -3.0786893212743394, 4.152064947038089, 0.8669560070425254, 0.9902360641682472, 1.9388748836900016, 0.8192834927383168 0.361766104932 -0.256588667623 0.197246048219 0.499358384317 -0.494292016454 0.494784636280.511375371115 0.0850000008941-0.33876436948776245, -11.838041305541992, 0.6216158270835876, -0.3476369082927704, 0.844721257686615, 0.0973595604300499
1479752168.38 -3.0786893212743394, 4.152064947038089, 0.8669560070425254, 0.9902360641682472, 1.9388748836900016, 0.8192834927383168 0.361766104932 -0.256588667623 0.197246048219 0.499358384317 -0.494292016454 0.494784636280.511375371115 0.0850000008941-0.35324668884277344, -11.823860168457031, 0.5929308533668518, -0.32589033246040344, 0.8374950289726257, 0.09576338529586792
1479752168.41 -3.0786893212743394, 4.152064947038089, 0.8669560070425254, 0.9902360641682472, 1.9388748836900016, 0.8192834927383168 0.361766104932 -0.256588667623 0.197246048219 0.499358384317 -0.494292016454 0.494784636280.511375371115 0.0850000008941-0.2815207540988922, -11.839902877807617, 0.5787653923034668, -0.33908089995384216, 0.8461316227912903, 0.09348005056381226
1479752168.45 -3.0786893212743394, 4.152064947038089, 0.8669560070425254, 0.9902360641682472, 1.9388748836900016, 0.8192834927383168 0.361766104932 -0.256588667623 0.197246048219 0.499358384317 -0.494292016454 0.494784636280.511375371115 0.0850000008941-0.34557217359542847, -11.773090362548828, 0.627047061920166, -0.3486138582229614, 0.8488975763320923, 0.1018792986869812
1479752168.48 -3.0786893212743394, 4.152064947038089, 0.8669560070425254, 0.9902360641682472, 1.9388748836900016, 0.8192834927383168 0.361766104932 -0.256588667623 0.197246048219 0.499358384317 -0.494292016454 0.494784636280.511375371115 0.0850000008941-0.3074476420879364, -11.875123023986816, 0.6242619752883911, -0.33502525091171265, 0.8438463807106018, 0.0919589176774025
1479752168.51 -3.0786893212743394, 4.152064947038089, 0.8669560070425254, 0.9902360641682472, 1.9388748836900016, 0.8192834927383168 0.361766104932 -0.256588667623 0.197246048219 0.499358384317 -0.494292016454 0.494784636280.511375371115 0.0850000008941-0.30537328124046326, -11.819680213928223, 0.6377620100975037, -0.34129777550697327, 0.837182343006134, 0.10147017240524292
1479752168.55 -3.0786893212743394, 4.152064947038089, 0.8669560070425254, 0.9902360641682472, 1.9388748836900016, 0.8192834927383168 0.361766104932 -0.256588667623 0.197246048219 0.499358384317 -0.494292016454 0.494784636280.511375371115 0.0850000008941-0.3266500234603882, -11.872440338134766, 0.6190314292907715, -0.3406737148761749, 0.8381230235099792, 0.08432258665561676
1479752168.58 -3.0786893212743394, 4.152064947038089, 0.8669560070425254, 0.9902360641682472, 1.9388748836900016, 0.8192834927383168 0.361766104932 -0.256588667623 0.197246048219 0.499358384317 -0.494292016454 0.494784636280.511375371115 0.0850000008941-0.31562450528144836, -11.829776763916016, 0.6503341794013977, -0.3392886221408844, 0.8552125692367554, 0.08721635490655899
1479752168.61 -3.0786893212743394, 4.152064947038089, 0.8669560070425254, 0.9902360641682472, 1.9388748836900016, 0.8192834927383168 0.361766104932 -0.256588667623 0.197246048219 0.499358384317 -0.494292016454 0.494784636280.511375371115 0.0850000008941-0.31665724515914917, -11.827526092529297, 0.613842248916626, -0.3265337646007538, 0.8358039259910583, 0.09791294485330582
1479752168.65 -3.0786893212743394, 4.152064947038089, 0.8669560070425254, 0.9902360641682472, 1.9388748836900016, 0.8192834927383168 0.361766104932 -0.256588667623 0.197246048219 0.499358384317 -0.494292016454 0.494784636280.511375371115 0.0850000008941-0.3328145146369934, -11.852926254272461, 0.6414757370948792, -0.3307029902935028, 0.8432641625404358, 0.08808065950870514
1479752168.68 -3.0786893212743394, 4.152064947038089, 0.8669560070425254, 0.9902360641682472, 1.9388748836900016, 0.8192834927383168 0.361766104932 -0.256588667623 0.197246048219 0.499358384317 -0.494292016454 0.494784636280.511375371115 0.0850000008941-0.287963330745697, -11.876948356628418, 0.6336038708686829, -0.3435099422931671, 0.8485649228096008, 0.09620498865842819
1479752168.71 -3.0786893212743394, 4.152064947038089, 0.8669560070425254, 0.9902360641682472, 1.9388748836900016, 0.8192834927383168 0.361766104932 -0.256588667623 0.197246048219 0.499358384317 -0.494292016454 0.494784636280.511375371115 0.0850000008941-0.2820908725261688, -11.838595390319824, 0.6443049311637878, -0.3320155441761017, 0.8489511013031006, 0.09311962872743607
1479752168.75 -3.0786893212743394, 4.152064947038089, 0.8669560070425254, 0.9902360641682472, 1.9388748836900016, 0.8192834927383168 0.361766104932 -0.256588667623 0.197246048219 0.499358384317 -0.494292016454 0.494784636280.511375371115 0.0850000008941-0.3104707598686218, -11.870616912841797, 0.6147897243499756, -0.34661591053009033, 0.831912636756897, 0.0967770516872406
1479752168.78 -3.0786893212743394, 4.152064947038089, 0.8669560070425254, 0.9902360641682472, 1.9388748836900016, 0.8192834927383168 0.361766104932 -0.256588667623 0.197246048219 0.499358384317 -0.494292016454 0.494784636280.511375371115 0.0850000008941-0.32643628120422363, -11.852442741394043, 0.5953878164291382, -0.32408207654953003, 0.8577837944030762, 0.09575960785150528
1479752168.81 -3.0786893212743394, 4.152064947038089, 0.8669560070425254, 0.9902360641682472, 1.9388748836900016, 0.8192834927383168 0.361766104932 -0.256588667623 0.197246048219 0.499358384317 -0.494292016454 0.494784636280.511375371115 0.0850000008941-0.313368558883667, -11.8612060546875, 0.5975843667984009, -0.33716925978660583, 0.8384299874305725, 0.09216541051864624
1479752168.85 -3.0786893212743394, 4.152064947038089, 0.8669560070425254, 0.9902360641682472, 1.9388748836900016, 0.8192834927383168 0.361766104932 -0.256588667623 0.197246048219 0.499358384317 -0.494292016454 0.494784636280.511375371115 0.0850000008941-0.30062371492385864, -11.863977432250977, 0.5946420431137085, -0.33499234914779663, 0.8567869663238525, 0.09748231619596481
1479752168.88 -3.0786893212743394, 4.152064947038089, 0.8669560070425254, 0.9902360641682472, 1.9388748836900016, 0.8192834927383168 0.361766104932 -0.256588667623 0.197246048219 0.499358384317 -0.494292016454 0.494784636280.511375371115 0.0850000008941-0.3323822617530823, -11.85747241973877, 0.6080660820007324, -0.34406888484954834, 0.8455833792686462, 0.09160267561674118
1479752168.91 -3.0786893212743394, 4.152064947038089, 0.8669560070425254, 0.9902360641682472, 1.9388748836900016, 0.8192834927383168 0.361766104932 -0.256588667623 0.197246048219 0.499358384317 -0.494292016454 0.494784636280.511375371115 0.0850000008941-0.32814258337020874, -11.81864070892334, 0.6173269152641296, -0.33866992592811584, 0.848762035369873, 0.10230708867311478
1479752168.95 -3.0786893212743394, 4.152064947038089, 0.8669560070425254, 0.9902360641682472, 1.9388748836900016, 0.8192834927383168 0.361766104932 -0.256588667623 0.197246048219 0.499358384317 -0.494292016454 0.494784636280.511375371115 0.0850000008941-0.31498488783836365, -11.867154121398926, 0.6344000697135925, -0.34744691848754883, 0.8301428556442261, 0.09739761799573898
1479752168.98 -3.0786893212743394, 4.152064947038089, 0.8669560070425254, 0.9902360641682472, 1.9388748836900016, 0.8192834927383168 0.361766104932 -0.256588667623 0.197246048219 0.499358384317 -0.494292016454 0.494784636280.511375371115 0.0850000008941-0.2943407893180847, -11.805144309997559, 0.6313797235488892, -0.32744187116622925, 0.8383404016494751, 0.101287342607975
1479752169.01 -3.0786893212743394, 4.152064947038089, 0.8669560070425254, 0.9902360641682472, 1.9388748836900016, 0.8192834927383168 0.361766104932 -0.256588667623 0.197246048219 0.499358384317 -0.494292016454 0.494784636280.511375371115 0.0850000008941-0.3173404037952423, -11.822715759277344, 0.6092117428779602, -0.34040477871894836, 0.8466593027114868, 0.08355585485696793
1479752169.05 -3.0786893212743394, 4.152064947038089, 0.8669560070425254, 0.9902360641682472, 1.9388748836900016, 0.8192834927383168 0.361766104932 -0.256588667623 0.197246048219 0.499358384317 -0.494292016454 0.494784636280.511375371115 0.0850000008941-0.33150994777679443, -11.850506782531738, 0.5776378512382507, -0.32992300391197205, 0.8377153873443604, 0.09061506390571594
1479752169.08 -3.0786893212743394, 4.152064947038089, 0.8669560070425254, 0.9902360641682472, 1.9388748836900016, 0.8192834927383168 0.361766104932 -0.256588667623 0.197246048219 0.499358384317 -0.494292016454 0.494784636280.511375371115 0.0850000008941-0.34565621614456177, -11.8637056350708, 0.6345178484916687, -0.33527374267578125, 0.8329933881759644, 0.09810639172792435
1479752169.11 -3.0786893212743394, 4.152064947038089, 0.8669560070425254, 0.9902360641682472, 1.9388748836900016, 0.8192834927383168 0.361766104932 -0.256588667623 0.197246048219 0.499358384317 -0.494292016454 0.494784636280.511375371115 0.0850000008941-0.3177531659603119, -11.830657958984375, 0.6304657459259033, -0.33492666482925415, 0.830626904964447, 0.09036057442426682
1479752169.15 -3.0786893212743394, 4.152064947038089, 0.8669560070425254, 0.9902360641682472, 1.9388748836900016, 0.8192834927383168 0.361766104932 -0.256588667623 0.197246048219 0.499358384317 -0.494292016454 0.494784636280.511375371115 0.0850000008941-0.3225058317184448, -11.847522735595703, 0.6579787135124207, -0.3399903476238251, 0.8481417298316956, 0.10285936295986176
1479752169.18 -3.0786893212743394, 4.152064947038089, 0.8669560070425254, 0.9902360641682472, 1.9388748836900016, 0.8192834927383168 0.361766104932 -0.256588667623 0.197246048219 0.499358384317 -0.494292016454 0.494784636280.511375371115 0.0850000008941-0.295919269323349, -11.830291748046875, 0.6199411153793335, -0.3287293016910553, 0.8534851670265198, 0.09504374861717224
1479752169.21 -3.0787234097362925, 4.15203778279497, 0.8669739833798834, 0.9902187536211616, 1.9388451894438472, 0.8193033332884379 0.361774383214 -0.256577785782 0.197253714573 0.499351508302 -0.494305840693 0.4947911985140.511362373358 0.0850000008941-0.3561316430568695, -11.83969783782959, 0.6139568090438843, -0.3338070809841156, 0.8447087407112122, 0.09600021690130234
1479752169.24 -3.079551386519198, 4.151144558565358, 0.8673148679994136, 0.9891650739358718, 1.9378212040047118, 0.8197297053789595 0.361773842085 -0.256348612335 0.19750832123 0.49892240547 -0.494952648375 0.4948078481070.511139416048 0.0850000008941-0.7086911201477051, -12.44486141204834, 0.6573388576507568, -0.342887818813324, 0.8646488189697266, 0.10123631358146667
1479752169.28 -3.0833091068172997, 4.146811861787908, 0.870471113365321, 0.983777898524805, 1.9322729073476952, 0.8243038177092251 0.362008600755 -0.255364549157 0.198713733785 0.49687054554 -0.498207698321 0.4944027354580.510367206509 0.0850000008941-1.4364678859710693, -13.769613265991211, 1.2338213920593262, 0.006592633202672005, 0.9980618953704834, 0.15515314042568207
1479752169.31 -3.0888716513861483, 4.140163013810416, 0.8759874520892567, 0.9764693189662733, 1.9241685086764206, 0.8315652593164624 0.362796765405 -0.253856584796 0.200572310785 0.493920286909 -0.503004330925 0.4940858821840.508830555564 0.0850000008941-1.0128610134124756, -12.902325630187988, 0.9204553365707397, -0.07367552816867828, 0.7396676540374756, 0.23454347252845764
1479752169.34 -3.0963649877453046, 4.1318574133187855, 0.8842007740491156, 0.9685211146929318, 1.9146758041288876, 0.8413777429318866 0.364670342888 -0.251681465505 0.202938711233 0.49070842888 -0.508518426418 0.4942865880820.506255880619 0.0850000008941-1.1930392980575562, -13.343023300170898, 1.8589791059494019, 0.15065611898899078, 1.1819418668746948, 0.09578576683998108
1479752169.38 -3.1042234434899103, 4.12254939899285, 0.8956403825115509, 0.9613117378850056, 1.9050194483323695, 0.8558709319002068 0.367821828455 -0.249313416431 0.205719302039 0.488001434107 -0.513780213119 0.4945310260960.503312583933 0.0850000008941-1.1238560676574707, -11.923046112060547, 0.5793923735618591, -0.21583126485347748, 0.9752615690231323, 0.3084038197994232
1479752169.41 -3.1142936545198268, 4.110311641151718, 0.9152432455053516, 0.9548832664877178, 1.893074904527255, 0.8788032123097974 0.374082732368 -0.246068016259 0.209605319636 -0.485362904232 0.519995998134 -0.495672218278-0.498333287217 0.08500000089410.12563061714172363, -11.504598617553711, 1.3626677989959717, -0.11746207624673843, 0.9941832423210144, 0.2793896794319153
1479752169.45 -3.121057284740301, 4.102236137778271, 0.9328149155357489, 0.9504207406071266, 1.8852010024483268, 0.9001983161381942 0.379564095181 -0.24384044961 0.212436310618 -0.484213585241 0.523756866787 -0.4959246846-0.495252113136 0.0850000008941-0.42837467789649963, -12.854395866394043, 1.1117300987243652, 0.09939786046743393, 1.2385306358337402, 0.27204811573028564
1479752169.48 -3.1270507287735243, 4.094779286726049, 0.9512928592851002, 0.9459558178815541, 1.878338702109465, 0.9242561150034796 0.385184287429 -0.241836242819 0.215302313331 -0.483742786778 0.526735015089 -0.49552541595-0.492947971156 0.0850000008941-0.12457388639450073, -11.5578031539917, 1.1597262620925903, -0.2163802981376648, 0.9816316366195679, 0.27946028113365173
1479752169.51 -3.132954157961903, 4.086236664897402, 0.9770055464517607, 0.9425568919613133, 1.8712210046220648, 0.9595395373376123 0.393220067405 -0.239752912552 0.219104867336 -0.484554791806 0.528911567706 -0.494558467382-0.490786236181 0.0850000008941-0.20816871523857117, -11.687688827514648, 1.775126338005066, -0.09074634313583374, 0.9554723501205444, 0.33119237422943115
1479752169.54 -3.1366575497737674, 4.080891700589612, 0.9967046827189678, 0.9411858966321405, 1.8669197331454779, 0.9867458584016439 0.399502340739 -0.238361546186 0.221881362328 -0.485835730095 0.529650260806 -0.493792442975-0.48949286803 0.08500000089410.3575716018676758, -11.751736640930176, 0.8461790084838867, -0.20893943309783936, 0.9225406646728516, 0.11812139302492142
1479752169.58 -3.139465054194929, 4.076664731307439, 1.0170114191888766, 0.9404644462928381, 1.8634562921478297, 1.0139818737118298 0.405902123514 -0.237260128379 0.224533101327 -0.487310344909 0.529943832752 -0.493002162548-0.48850489209 0.08500000089410.35795071721076965, -11.775575637817383, 2.223933219909668, -0.07655466347932816, 0.9106077551841736, -0.0653141438961029
1479752169.61 -3.1415143566537447, 4.0726319064687315, 1.043486036743409, 0.9399438648787548, 1.8606474561461233, 1.0502173095566385 0.413993613518 -0.236430614191 0.227880423947 -0.48964450191 0.529334633163 -0.491475853636-0.48836932047 0.08500000089410.12241499871015549, -11.799046516418457, 0.9632512927055359, -0.20101873576641083, 0.8767625689506531, -0.10631345212459564
1479752169.65 3.140744703098712, 4.071012704525963, 1.063706486793999, 0.9396612369080701, 1.8597623545578352, 1.0775922087176721 0.420043374314 -0.236048560963 0.230192037795 -0.491660066129 0.52817074674 -0.4901369569-0.488949695922 0.08500000089410.040181029587984085, -12.29629898071289, 2.4394521713256836, 0.05682762712240219, 1.0078973770141602, -0.08961221575737
1479752169.68 3.1402815793851473, 4.070247578344784, 1.0845345370472905, 0.9395571073094481, 1.8592739308139148, 1.1052199750242087 0.426156955105 -0.235847013286 0.232401006869 -0.493746575117 0.526768559183 -0.488690020042-0.489807379414 0.0850000008941-0.23824891448020935, -12.139440536499023, 1.59311842918396, 0.008231176063418388, 0.9563884139060974, -0.007324693724513054
1479752169.71 3.1397180544984864, 4.06986754525723, 1.1114805341147669, 0.9392992467369011, 1.8589145372248086, 1.1417156682865455 0.433959532663 -0.235602317775 0.235228378124 -0.496767369467 0.5245246282 -0.486497042455-0.491341757564 0.0850000008941-0.3862540125846863, -13.059197425842285, 2.462224245071411, 0.2599887549877167, 1.020726203918457, -0.08373184502124786
1479752169.74 3.139499408972991, 4.06966621027882, 1.131799254809581, 0.9390315324683209, 1.858815334474203, 1.1663039688409746 0.43973560199 -0.235508280479 0.237485261331 -0.498232146341 0.523525720023 -0.485505804412-0.491904119427 0.0850000008941-0.1350022852420807, -13.126441955566406, 2.9209582805633545, 0.09227637946605682, 1.0591663122177124, 0.2845827341079712
1479752169.78 3.1393169824383205, 4.069567407002378, 1.1531926941622965, 0.9387786653228178, 1.8587310454257022, 1.1874388152518434 0.445760804645 -0.235426640859 0.239942193175 -0.498553346829 0.523616690927 -0.485610196229-0.491378528903 0.0850000008941-0.10457859933376312, -13.183256149291992, 2.69826078414917, 0.3306257426738739, 1.1044703722000122, 0.11063623428344727
1479752169.81 3.1391585243534608, 4.0695266606377, 1.1797336244279717, 0.938572869549582, 1.8586442263741656, 1.2122528187086568 0.453170163225 -0.235347743789 0.243139112503 -0.498610564915 0.524026955123 -0.486092979454-0.490404802369 0.0850000008941-0.3556169867515564, -13.120314598083496, 2.744080066680908, 0.06951000541448593, 0.9526288509368896, 0.22758392989635468
1479752169.85 3.1390522642259664, 4.069511214303377, 1.198133404399329, 0.9383919077535111, 1.8585451567816147, 1.22699887482248 0.458243798314 -0.235295054299 0.24545429605 -0.4980017356 0.524941262032 -0.487013326431-0.489130823639 0.0850000008941-0.17654038965702057, -13.356390953063965, 2.9016497135162354, 0.2821148633956909, 1.0617547035217285, 0.2093677669763565
1479752169.88 3.1389739672899184, 4.069499230078471, 1.2144296865836874, 0.938255553905699, 1.8584434240279737, 1.2383806926892607 0.462702833169 -0.235253591247 0.247580235312 -0.497021643894 0.526164833808 -0.488241211795-0.487586476709 0.0850000008941-0.105827696621418, -13.32670783996582, 2.851984977722168, 0.36760276556015015, 1.045290231704712, 0.198830246925354
1479752169.91 3.1389079208948845, 4.069490707962983, 1.232510553014508, 0.9380546849804798, 1.8583641949855436, 1.2482129502757786 0.467594414831 -0.235219451279 0.250022160565 -0.495181040895 0.528213448205 -0.490266007497-0.485206689738 0.0850000008941-0.0035302499309182167, -13.140373229980469, 3.712728261947632, 0.5482525825500488, 1.1356801986694336, -0.030843893066048622
1479752169.94 3.138897800882742, 4.0694872458535665, 1.2421655772304812, 0.9378960271585384, 1.8583319707363537, 1.250932703539022 0.470170880089 -0.235215620694 0.251359266381 -0.493509638864 0.529945547215 -0.491935981602-0.483326952839 0.0850000008941-0.26184409856796265, -13.491698265075684, 3.4898595809936523, 0.26083987951278687, 1.0306965112686157, 0.08998017013072968
1479752169.98 3.1388858166578366, 4.069484050060258, 1.248273537190578, 0.9377721235888224, 1.8583046733351805, 1.252177198716416 0.47178970266 -0.235211586959 0.252215006336 -0.492320439078 0.531163725137 -0.493097315617-0.482017343771 0.0850000008941-0.11085055768489838, -13.13265323638916, 3.2783584594726562, 0.3722441792488098, 1.032751441001892, 0.050691988319158554
1479752170.01 3.138863712420789, 4.069484050060258, 1.2528093000011464, 0.9376382331650187, 1.8582600653869217, 1.2529208864508208 0.472980677961 -0.235204397486 0.252848359412 -0.491384277519 0.532129506686 -0.493987042422-0.480995303346 0.0850000008941-0.053384315222501755, -13.526650428771973, 3.820577383041382, 0.508758544921875, 1.090965986251831, 0.055129338055849075
1479752170.05 3.138863712420789, 4.069484050060258, 1.2545697826397433, 0.9375514806925094, 1.8582153242806083, 1.2533250211462403 0.473430810985 -0.235207152718 0.253088182023 -0.491043097176 0.532499010471 -0.494286952239-0.480626559201 0.0850000008941-0.3691360354423523, -14.005827903747559, 3.958418607711792, 0.5798113346099854, 1.1296734809875488, 0.06741484254598618
1479752170.08 3.138861848208026, 4.069482185847495, 1.255953427984094, 0.9374944224661544, 1.8581781731834017, 1.2534489912949833 0.47378727353 -0.235207825192 0.253278614919 -0.490725264221 0.532834029802 -0.494573043526-0.480285452995 0.0850000008941-0.3293534219264984, -13.547139167785645, 3.883491277694702, 0.6111657619476318, 1.1075148582458496, 0.07034028321504593
1479752170.11 3.1388578534663907, 4.069484050060258, 1.2569660949885966, 0.9374498145178956, 1.8581261083840905, 1.25351836664138 0.474046848737 -0.235206958103 0.253412362738 -0.490487951539 0.533093431106 -0.494782670058-0.48002403327 0.0850000008941-0.13300056755542755, -13.806509971618652, 4.061263561248779, 0.6346567273139954, 1.165568232536316, 0.08125738799571991
1479752170.14 3.1388578534663907, 4.069484050060258, 1.2573249559454847, 0.9374275105437662, 1.8581038709889885, 1.253530750340449 0.474136754751 -0.235207634734 0.253458947518 -0.490398933209 0.533192337022 -0.494856982772-0.479928520355 0.0850000008941-0.25895124673843384, -14.015109062194824, 3.9738049507141113, 0.5854724049568176, 1.1529459953308105, 0.07589193433523178
1479752170.18 3.1388578534663907, 4.069484050060258, 1.2576116452368318, 0.9374026765666013, 1.8580914872899197, 1.253538207191501 0.474207158966 -0.235208586764 0.253496526511 -0.490325907766 0.533272035389 -0.494915565013-0.479854169466 0.0850000008941-0.3002740144729614, -13.633840560913086, 4.007462024688721, 0.6281899213790894, 1.1286872625350952, 0.06723739951848984
1479752170.21 3.1388557229375187, 4.069484050060258, 1.2578302907623273, 0.9373605320423507, 1.858069116736763, 1.2535456640425533 0.474255398119 -0.235209361822 0.253521164116 -0.490267286482 0.533344082561 -0.494951083081-0.479797355932 0.0850000008941-0.3236817419528961, -13.898175239562988, 4.125112056732178, 0.6586965322494507, 1.1421185731887817, 0.05834515392780304
1479752170.24 3.1388557229375187, 4.069484050060258, 1.2578803581908207, 0.9373406914922296, 1.8580518061896774, 1.2535481940455888 0.474263410238 -0.235210180696 0.253523938316 -0.490252251535 0.533368363651 -0.494953826192-0.479782897213 0.0850000008941-0.15459468960762024, -13.966849327087402, 4.08013391494751, 0.6434022188186646, 1.1631507873535156, 0.0678173303604126
1479752170.28 3.138853858724756, 4.069484050060258, 1.2579164440235913, 0.9373283077931608, 1.8580418193355897, 1.2535531208936055 0.474270220863 -0.235209791227 0.253526515329 -0.490243051448 0.533383133654 -0.494956490882-0.479773129067 0.0850000008941-0.19298870861530304, -13.669231414794922, 3.9853129386901855, 0.5963086485862732, 1.1228734254837036, 0.05941304564476013
1479752170.31 3.138853858724756, 4.069484050060258, 1.2579365508898215, 0.9373134606700836, 1.8580269056334853, 1.2535580477416222 0.474271465018 -0.235210397504 0.253525719429 -0.490236871018 0.533397179067 -0.494953303187-0.4797671178 0.0850000008941-0.42438364028930664, -13.968731880187988, 4.08756685256958, 0.6783133745193481, 1.161313533782959, 0.0649595707654953
1479752170.35 3.1388517281958834, 4.069484050060258, 1.2579505324855444, 0.9373060038190313, 1.8580195819404874, 1.2535605777446577 0.474273670134 -0.235209684487 0.2535259452 -0.49023340365 0.53340452505 -0.494953168274-0.479762632786 0.0850000008941-0.18119826912879944, -13.909006118774414, 4.021721839904785, 0.6332157850265503, 1.1450481414794922, 0.06866771727800369
1479752170.38 3.1388517281958834, 4.069484050060258, 1.2579626498685041, 0.9373010769710147, 1.8580145219344164, 1.2535631077476934 0.474275571752 -0.235209874637 0.253526452092 -0.490230282703 0.533410317835 -0.494953213286-0.479759334882 0.0850000008941-0.15550795197486877, -13.662882804870605, 3.934224843978882, 0.5823664665222168, 1.1108808517456055, 0.06976514309644699
1479752170.41 3.1388517281958834, 4.069484050060258, 1.2579706393517744, 0.9372960835439708, 1.8580071982414186, 1.2535655045926744 0.474276172054 -0.235210059328 0.253525963591 -0.490228145394 0.533415993069 -0.494951852066-0.479756613231 0.0850000008941-0.367739200592041, -13.956681251525879, 4.072131156921387, 0.6450772881507874, 1.159444808959961, 0.059671223163604736
1479752170.44 3.1388517281958834, 4.069484050060258, 1.2579746340934095, 0.9372936201199624, 1.858004668238383, 1.2535680345957099 0.474276587356 -0.235210156361 0.253525933309 -0.490227371973 0.533418115328 -0.494951129513-0.479755789336 0.0850000008941-0.24978679418563843, -13.822497367858887, 4.009161472320557, 0.6238693594932556, 1.1286067962646484, 0.05700862035155296
1479752170.48 3.1388498639831206, 4.069484050060258, 1.2579806262058622, 0.9372911566959541, 1.8579997413903664, 1.253570431440691 0.474277764164 -0.23520944157 0.253525750874 -0.490226566776 0.533421283319 -0.494950857322-0.479753370562 0.0850000008941-0.18467755615711212, -13.727474212646484, 4.013556957244873, 0.5912196636199951, 1.1224292516708374, 0.0664042979478836
1479752170.51 3.1388498639831206, 4.069484050060258, 1.2579846209474974, 0.9372861632689102, 1.8579946813842951, 1.2535729614437265 0.474277444001 -0.23520965058 0.253525086492 -0.490225419272 0.533425120384 -0.494948855039-0.479752342503 0.0850000008941-0.19741815328598022, -13.908862113952637, 4.037147521972656, 0.624320387840271, 1.1299080848693848, 0.0522429496049881
1479752170.54 3.1388498639831206, 4.069484050060258, 1.2579866183183148, 0.9372836998449019, 1.8579922845393142, 1.2535754914467623 0.474277294492 -0.235209749017 0.253524767707 -0.490225180408 0.533426666266 -0.494947637724-0.479752123625 0.0850000008941-0.3370923399925232, -13.788427352905273, 3.939645528793335, 0.5937862396240234, 1.129778265953064, 0.06873185932636261
1479752170.58 3.1388498639831206, 4.069484050060258, 1.2579907462180044, 0.9372812364208936, 1.8579897545362787, 1.2535754914467623 0.474277700654 -0.235209847819 0.253524744127 -0.490223759165 0.533429373395 -0.494947478355-0.479750730297 0.0850000008941-0.31768736243247986, -13.699329376220703, 4.00278902053833, 0.622961163520813, 1.1309254169464111, 0.07194241136312485
1479752170.61 3.1388498639831206, 4.069484050060258, 1.257992743588822, 0.9372787729968852, 1.857984827688262, 1.2535778882917432 0.474277464692 -0.235209927427 0.253524003037 -0.490223530434 0.533431955503 -0.494945813129-0.479749810967 0.0850000008941-0.1563299298286438, -13.935218811035156, 3.996734857559204, 0.577895998954773, 1.1393744945526123, 0.08053338527679443
1479752170.64 3.1388498639831206, 4.069484050060258, 1.2579947409596397, 0.9372787729968852, 1.8579822976852263, 1.2535778882917432 0.474277861006 -0.235209901476 0.253523850214 -0.490223076714 0.533433394788 -0.494945881423-0.479748603797 0.0850000008941-0.2992633879184723, -13.752017974853516, 3.9174318313598633, 0.6316895484924316, 1.1327990293502808, 0.07702292501926422
1479752170.68 3.1388498639831206, 4.069484050060258, 1.2579947409596397, 0.9372762429938497, 1.8579799008402453, 1.2535804182947787 0.474277180895 -0.235210006547 0.253523255756 -0.490223282161 0.533434502877 -0.494944185295-0.479748911631 0.0850000008941-0.37648141384124756, -13.806615829467773, 4.076973915100098, 0.6713873147964478, 1.1332639455795288, 0.07367227971553802
1479752170.71 3.1388498639831206, 4.069484050060258, 1.2579987357012747, 0.9372762429938497, 1.8579773708372098, 1.2535804182947787 0.474278148252 -0.235209979256 0.253523416976 -0.490222301542 0.533436445984 -0.494944777851-0.479747141779 0.0850000008941-0.17685291171073914, -13.883560180664062, 4.041034698486328, 0.6081345081329346, 1.1497454643249512, 0.06338765472173691
1479752170.74 3.1388498639831206, 4.069484050060258, 1.2579987357012747, 0.9372737795698414, 1.8579749739922287, 1.2535828151397599 0.474277480642 -0.235210080729 0.253522820244 -0.490222531653 0.533437530155 -0.494943085547-0.47974744705 0.0850000008941-0.20697499811649323, -13.838425636291504, 4.0232648849487305, 0.6289018988609314, 1.1468477249145508, 0.07689723372459412
1479752170.78 3.1388498639831206, 4.069484050060258, 1.2579987357012747, 0.9372737795698414, 1.8579749739922287, 1.2535853451427954 0.474277480642 -0.235210080729 0.253522820244 -0.490223227004 0.533436891132 -0.494942460182-0.479748092226 0.0850000008941-0.2762312591075897, -13.840723037719727, 4.115990161895752, 0.6757890582084656, 1.1492094993591309, 0.08312764018774033
1479752170.81 3.1388498639831206, 4.069484050060258, 1.2580007330720924, 0.937271316145833, 1.8579699139861574, 1.2535878751458311 0.474277170053 -0.235210161182 0.253522033386 -0.490222977023 0.533439523951 -0.494940773752-0.479747160037 0.0850000008941-0.29817771911621094, -13.949953079223633, 4.107633590698242, 0.6845353245735168, 1.1659518480300903, 0.08040550351142883
1479752170.84 3.1388477334542486, 4.069484050060258, 1.2580007330720924, 0.937271316145833, 1.8579699139861574, 1.2535878751458311 0.474277674758 -0.235209143493 0.253522033386 -0.490223549341 0.533438997999 -0.494941288464-0.479746629022 0.0850000008941-0.1518523097038269, -13.807963371276855, 4.078181266784668, 0.6500988006591797, 1.1529000997543335, 0.05616035312414169
1479752170.88 3.1388477334542486, 4.069484050060258, 1.2580007330720924, 0.937271316145833, 1.8579675171411765, 1.253590271990812 0.474277567744 -0.235209120234 0.253521623765 -0.490224194767 0.533439351552 -0.494940351258-0.479746543268 0.0850000008941-0.16670678555965424, -13.864380836486816, 4.0991034507751465, 0.6565754413604736, 1.1391136646270752, 0.07096945494413376
1479752170.91 3.1388477334542486, 4.069484050060258, 1.25800273044291, 0.937271316145833, 1.8579675171411765, 1.2535928019938476 0.474278148601 -0.23520911864 0.253521939341 -0.4902243627 0.533439227013 -0.494940248841-0.479746615805 0.0850000008941-0.3921227753162384, -13.906975746154785, 4.0843329429626465, 0.6715644001960754, 1.1510815620422363, 0.07326976954936981
1479752170.94 3.1388477334542486, 4.069484050060258, 1.25800273044291, 0.9372688527218247, 1.857964987138141, 1.2535928019938476 0.474277461011 -0.235209220045 0.253521309729 -0.49022395497 0.53344097481 -0.494939077034-0.479746297945 0.0850000008941-0.17371785640716553, -13.810487747192383, 4.107969284057617, 0.6494227051734924, 1.1345617771148682, 0.07859393954277039
1479752170.98 3.1388477334542486, 4.069484050060258, 1.2580047278137274, 0.9372688527218247, 1.857964987138141, 1.2535953319968833 0.474277970474 -0.235209218647 0.253521586516 -0.490224180761 0.533440793442 -0.494938916611-0.479746434393 0.0850000008941-0.1154283806681633, -13.860525131225586, 4.103986740112305, 0.6513850688934326, 1.1595733165740967, 0.06529494374990463
1479752171.01 3.1388477334542486, 4.069484050060258, 1.2580047278137274, 0.9372688527218247, 1.8579624571351052, 1.2535953319968833 0.474277859554 -0.235209194523 0.253521161683 -0.490224192338 0.53344176465 -0.494938536363-0.479745734944 0.0850000008941-0.34375348687171936, -13.909734725952148, 4.089192867279053, 0.657703697681427, 1.152929425239563, 0.07549145072698593
1479752171.04 3.1388477334542486, 4.069484050060258, 1.2580047278137274, 0.9372688527218247, 1.8579624571351052, 1.2535953319968833 0.474277859554 -0.235209194523 0.253521161683 -0.490224192338 0.53344176465 -0.494938536363-0.479745734944 0.0850000008941-0.2625698745250702, -13.759692192077637, 4.105020523071289, 0.6670494675636292, 1.1416290998458862, 0.05677841231226921
1479752171.08 3.1388477334542486, 4.069484050060258, 1.2580047278137274, 0.9372663227187892, 1.8579600602901243, 1.2535977288418643 0.474277174557 -0.235209299362 0.253520566045 -0.490224403208 0.533442868669 -0.494936824112-0.479746058352 0.0850000008941-0.16080792248249054, -13.912418365478516, 4.065351963043213, 0.6369776129722595, 1.1523455381393433, 0.07097689062356949
1479752171.11 3.1388477334542486, 4.069484050060258, 1.258006725184545, 0.9372663227187892, 1.8579600602901243, 1.2535977288418643 0.474277686538 -0.235209297957 0.253520844199 -0.490223931326 0.533443328584 -0.494937291348-0.479745547115 0.0850000008941-0.23023895919322968, -13.932221412658691, 4.066098690032959, 0.6283382177352905, 1.1613619327545166, 0.04970969259738922
1479752171.14 3.1388477334542486, 4.069484050060258, 1.258006725184545, 0.9372663227187892, 1.8579600602901243, 1.2535977288418643 0.474277686538 -0.235209297957 0.253520844199 -0.490223931326 0.533443328584 -0.494937291348-0.479745547115 0.0850000008941-0.2851240634918213, -13.788468360900879, 4.07742166519165, 0.6594988703727722, 1.1310051679611206, 0.06912495195865631
1479752171.18 3.1388477334542486, 4.069484050060258, 1.258006725184545, 0.9372663227187892, 1.8579575302870885, 1.2536002588449 0.474277573569 -0.235209273151 0.253520406849 -0.490224583675 0.533443739857 -0.494936326815-0.479745418287 0.0850000008941-0.2655017077922821, -13.887866020202637, 4.060679912567139, 0.6214561462402344, 1.1364213228225708, 0.07191880792379379
1479752171.21 3.1388477334542486, 4.069484050060258, 1.258006725184545, 0.9372663227187892, 1.8579575302870885, 1.2536002588449 0.474277573569 -0.235209273151 0.253520406849 -0.490224583675 0.533443739857 -0.494936326815-0.479745418287 0.0850000008941-0.12506239116191864, -13.85289192199707, 4.070261001586914, 0.6357167363166809, 1.144736647605896, 0.05841756612062454
1479752171.24 3.1388477334542486, 4.069484050060258, 1.258006725184545, 0.9372638592947808, 1.8579575302870885, 1.2536002588449 0.474276987259 -0.235209402348 0.253520202829 -0.490224151372 0.533444522342 -0.494935531535-0.479745810423 0.0850000008941-0.3126571476459503, -13.734217643737793, 4.07415771484375, 0.6374276280403137, 1.1376744508743286, 0.06241743639111519
1479752171.28 3.1388477334542486, 4.069484050060258, 1.258006725184545, 0.9372638592947808, 1.8579551334421076, 1.253602655689881 0.474276874342 -0.235209378691 0.253519788527 -0.490224799374 0.533444884343 -0.49493457684-0.479745730669 0.0850000008941-0.3388514816761017, -13.893400192260742, 4.04326868057251, 0.639358401298523, 1.1308621168136597, 0.07408108562231064
1479752171.31 3.1388477334542486, 4.069484050060258, 1.2580087225553627, 0.9372638592947808, 1.8579551334421076, 1.253602655689881 0.474277444705 -0.235209377126 0.253520098397 -0.490224273687 0.533445396702 -0.494935097355-0.479745161135 0.0850000008941-0.180612251162529, -13.87702751159668, 4.046613693237305, 0.6130874156951904, 1.1632541418075562, 0.067184217274189
1479752171.35 3.1388477334542486, 4.069484050060258, 1.2580087225553627, 0.9372638592947808, 1.8579551334421076, 1.253602655689881 0.474277444705 -0.235209377126 0.253520098397 -0.490224273687 0.533445396702 -0.494935097355-0.479745161135 0.0850000008941-0.2323979139328003, -13.795215606689453, 4.011713027954102, 0.606680154800415, 1.1247153282165527, 0.06196000054478645
1479752171.38 3.1388477334542486, 4.069484050060258, 1.2580087225553627, 0.9372638592947808, 1.8579526034390719, 1.2536051856929165 0.474277335645 -0.23520935318 0.253519676255 -0.490224991396 0.53344571276 -0.494934087134-0.479745118518 0.0850000008941-0.3499596118927002, -13.879966735839844, 4.07219123840332, 0.6498008370399475, 1.1714826822280884, 0.06531860679388046
1479752171.41 3.1388477334542486, 4.069484050060258, 1.2580087225553627, 0.9372638592947808, 1.8579526034390719, 1.2536051856929165 0.474277335645 -0.23520935318 0.253519676255 -0.490224991396 0.53344571276 -0.494934087134-0.479745118518 0.0850000008941-0.23958155512809753, -13.85132122039795, 4.073182106018066, 0.6272113919258118, 1.1551425457000732, 0.05176138877868652
1479752171.44 3.1388477334542486, 4.069484050060258, 1.2580087225553627, 0.9372638592947808, 1.8579526034390719, 1.2536051856929165 0.474277335645 -0.23520935318 0.253519676255 -0.490224991396 0.53344571276 -0.494934087134-0.479745118518 0.0850000008941-0.19577430188655853, -13.807147026062012, 4.0040435791015625, 0.6215887069702148, 1.1544981002807617, 0.07648206502199173
1479752171.48 3.1388477334542486, 4.069484050060258, 1.2580087225553627, 0.9372638592947808, 1.8579526034390719, 1.2536077156959522 0.474277335645 -0.23520935318 0.253519676255 -0.490225692161 0.533445068768 -0.494933456912-0.479745768696 0.0850000008941-0.28285056352615356, -13.951176643371582, 4.047947883605957, 0.6473256945610046, 1.1517664194107056, 0.0675940066576004
1479752171.51 3.1388477334542486, 4.069484050060258, 1.2580087225553627, 0.9372613958707725, 1.8579500734360364, 1.2536077156959522 0.474276645504 -0.23520945901 0.25351906679 -0.490225263381 0.533446790388 -0.494932307703-0.479745478101 0.0850000008941-0.2903023958206177, -13.820695877075195, 4.101563930511475, 0.6454393863677979, 1.1355292797088623, 0.07271741330623627
1479752171.54 3.1388477334542486, 4.069484050060258, 1.2580087225553627, 0.9372613958707725, 1.8579500734360364, 1.2536077156959522 0.474276645504 -0.23520945901 0.25351906679 -0.490225263381 0.533446790388 -0.494932307703-0.479745478101 0.0850000008941-0.17749576270580292, -13.85425853729248, 4.091876029968262, 0.6247616410255432, 1.1491066217422485, 0.06913124769926071
1479752171.58 3.1388477334542486, 4.069484050060258, 1.2580087225553627, 0.9372613958707725, 1.8579500734360364, 1.2536077156959522 0.474276645504 -0.23520945901 0.25351906679 -0.490225263381 0.533446790388 -0.494932307703-0.479745478101 0.0850000008941-0.21477282047271729, -13.946393013000488, 4.102400779724121, 0.6500450968742371, 1.1526546478271484, 0.0731508880853653
1479752171.61 3.1388477334542486, 4.069484050060258, 1.2580087225553627, 0.9372613958707725, 1.8579500734360364, 1.2536077156959522 0.474276645504 -0.23520945901 0.25351906679 -0.490225263381 0.533446790388 -0.494932307703-0.479745478101 0.0850000008941-0.2733415365219116, -13.791611671447754, 4.08406400680542, 0.6567924618721008, 1.1493792533874512, 0.0677456334233284
1479752171.64 3.1388477334542486, 4.069484050060258, 1.25801071992618, 0.9372613958707725, 1.8579476765910554, 1.2536101125409331 0.474277046429 -0.235209434129 0.253518933332 -0.490225444876 0.533447601145 -0.494931820497-0.47974489376 0.0850000008941-0.2159043699502945, -13.883525848388672, 4.100609302520752, 0.6531363725662231, 1.1475987434387207, 0.06982839852571487
1479752171.68 3.1388477334542486, 4.069484050060258, 1.25801071992618, 0.9372613958707725, 1.8579476765910554, 1.2536101125409331 0.474277046429 -0.235209434129 0.253518933332 -0.490225444876 0.533447601145 -0.494931820497-0.47974489376 0.0850000008941-0.17657150328159332, -13.925528526306152, 4.100300312042236, 0.675390362739563, 1.1470310688018799, 0.0704907774925232
1479752171.71 3.1388477334542486, 4.069484050060258, 1.25801071992618, 0.9372613958707725, 1.8579476765910554, 1.2536101125409331 0.474277046429 -0.235209434129 0.253518933332 -0.490225444876 0.533447601145 -0.494931820497-0.47974489376 0.0850000008941-0.24257542192935944, -13.81606388092041, 4.103698253631592, 0.6410630941390991, 1.1320451498031616, 0.06256674975156784
1479752171.74 3.1388477334542486, 4.069484050060258, 1.25801071992618, 0.9372613958707725, 1.8579476765910554, 1.2536101125409331 0.474277046429 -0.235209434129 0.253518933332 -0.490225444876 0.533447601145 -0.494931820497-0.47974489376 0.0850000008941-0.2646978497505188, -13.910435676574707, 4.1150407791137695, 0.6611097455024719, 1.1548290252685547, 0.06660684198141098
1479752171.78 3.1388477334542486, 4.069484050060258, 1.25801071992618, 0.9372613958707725, 1.8579476765910554, 1.2536101125409331 0.474277046429 -0.235209434129 0.253518933332 -0.490225444876 0.533447601145 -0.494931820497-0.47974489376 0.0850000008941-0.18739990890026093, -13.911662101745605, 4.083113193511963, 0.6512189507484436, 1.1562174558639526, 0.06548713892698288
1479752171.81 3.1388477334542486, 4.069484050060258, 1.25801071992618, 0.9372613958707725, 1.8579476765910554, 1.2536101125409331 0.474277046429 -0.235209434129 0.253518933332 -0.490225444876 0.533447601145 -0.494931820497-0.47974489376 0.0850000008941-0.1979837268590927, -13.782630920410156, 4.04483699798584, 0.6517170071601868, 1.1615955829620361, 0.06468820571899414
1479752171.84 3.1388477334542486, 4.069484050060258, 1.25801071992618, 0.9372589324467642, 1.8579451465880197, 1.2536126425439689 0.474276377603 -0.235209532431 0.25351831042 -0.490225676825 0.533448748069 -0.494930112928-0.479745143053 0.0850000008941-0.28618815541267395, -13.899701118469238, 4.091246604919434, 0.6739778518676758, 1.156266689300537, 0.05621340498328209
1479752171.88 3.1388477334542486, 4.069484050060258, 1.25801071992618, 0.9372589324467642, 1.8579451465880197, 1.2536126425439689 0.474276377603 -0.235209532431 0.25351831042 -0.490225676825 0.533448748069 -0.494930112928-0.479745143053 0.0850000008941-0.23149098455905914, -13.88383960723877, 4.071531295776367, 0.6421589851379395, 1.1539791822433472, 0.06937848031520844
1479752171.91 3.1388477334542486, 4.069484050060258, 1.25801071992618, 0.9372589324467642, 1.8579451465880197, 1.2536126425439689 0.474276377603 -0.235209532431 0.25351831042 -0.490225676825 0.533448748069 -0.494930112928-0.479745143053 0.0850000008941-0.20179609954357147, -13.795049667358398, 4.029611110687256, 0.619724452495575, 1.14164400100708, 0.07962767779827118
1479752171.94 3.1388477334542486, 4.069484050060258, 1.25801071992618, 0.9372589324467642, 1.8579451465880197, 1.2536126425439689 0.474276377603 -0.235209532431 0.25351831042 -0.490225676825 0.533448748069 -0.494930112928-0.479745143053 0.0850000008941-0.2572566270828247, -13.938637733459473, 4.112915992736816, 0.6550406217575073, 1.1520192623138428, 0.0763167142868042
1479752171.98 3.1388477334542486, 4.069484050060258, 1.2580127172969977, 0.9372589324467642, 1.8579451465880197, 1.2536126425439689 0.474276947969 -0.235209530866 0.25351862029 -0.490225151143 0.533449260427 -0.494930633443-0.479744573515 0.0850000008941-0.25377658009529114, -13.860712051391602, 4.076719760894775, 0.6249720454216003, 1.145104169845581, 0.06161754950881004
1479752172.01 3.1388477334542486, 4.069484050060258, 1.2580127172969977, 0.9372589324467642, 1.8579451465880197, 1.2536126425439689 0.474276947969 -0.235209530866 0.25351862029 -0.490225151143 0.533449260427 -0.494930633443-0.479744573515 0.0850000008941-0.22637611627578735, -13.781697273254395, 4.034334182739258, 0.6364911198616028, 1.1441066265106201, 0.07299492508172989
1479752172.04 3.1388477334542486, 4.069484050060258, 1.2580127172969977, 0.9372589324467642, 1.8579426165849842, 1.2536126425439689 0.474276827925 -0.235209505704 0.253518179734 -0.490225164866 0.533450265984 -0.494930225664-0.479743862054 0.0850000008941-0.2323429137468338, -13.89320182800293, 4.1063032150268555, 0.6438106894493103, 1.148855209350586, 0.07137380540370941
1479752172.08 3.1388477334542486, 4.069484050060258, 1.2580127172969977, 0.9372589324467642, 1.8579426165849842, 1.2536126425439689 0.474276827925 -0.235209505704 0.253518179734 -0.490225164866 0.533450265984 -0.494930225664-0.479743862054 0.0850000008941-0.3013099431991577, -13.82209587097168, 4.036688804626465, 0.6333559155464172, 1.1343200206756592, 0.07403230667114258
1479752172.11 3.1388477334542486, 4.069484050060258, 1.2580127172969977, 0.9372589324467642, 1.8579426165849842, 1.2536126425439689 0.474276827925 -0.235209505704 0.253518179734 -0.490225164866 0.533450265984 -0.494930225664-0.479743862054 0.0850000008941-0.24694889783859253, -13.8626708984375, 3.9894707202911377, 0.6201412081718445, 1.1243562698364258, 0.07157094031572342
1479752172.14 3.1388477334542486, 4.069484050060258, 1.2580127172969977, 0.9372589324467642, 1.8579426165849842, 1.2536126425439689 0.474276827925 -0.235209505704 0.253518179734 -0.490225164866 0.533450265984 -0.494930225664-0.479743862054 0.0850000008941-0.24071632325649261, -13.928583145141602, 4.067799091339111, 0.6314868927001953, 1.1381677389144897, 0.06761223077774048
1479752172.18 3.1388477334542486, 4.069484050060258, 1.2580127172969977, 0.9372589324467642, 1.8579426165849842, 1.2536126425439689 0.474276827925 -0.235209505704 0.253518179734 -0.490225164866 0.533450265984 -0.494930225664-0.479743862054 0.0850000008941-0.22418662905693054, -13.822433471679688, 4.033571720123291, 0.6279950141906738, 1.1515551805496216, 0.07677724212408066
