1479751751.8 3.135609329568712, 4.070165819299318, 1.2631881714014033, 0.923549178892118, 1.8578980086367254, 1.2536547204891921 0.473213551897 -0.234356382195 0.252832959375 -0.487606023979 0.538015985818 -0.492471522002-0.479844729471 0.0850000008941-0.3066115081310272, -13.843025207519531, 4.029258728027344, 0.7316809296607971, 1.1364728212356567, 0.0604194700717926
1479751751.83 3.135609329568712, 4.070165819299318, 1.2631881714014033, 0.923549178892118, 1.8578980086367254, 1.2536547204891921 0.473213551897 -0.234356382195 0.252832959375 -0.487606023979 0.538015985818 -0.492471522002-0.479844729471 0.0850000008941-0.2666569948196411, -13.826372146606445, 4.01610803604126, 0.7317606806755066, 1.128844976425171, 0.05674133449792862
1479751751.86 3.135609329568712, 4.070165819299318, 1.2631881714014033, 0.923549178892118, 1.8578980086367254, 1.2536547204891921 0.473213551897 -0.234356382195 0.252832959375 -0.487606023979 0.538015985818 -0.492471522002-0.479844729471 0.0850000008941-0.3041906952857971, -13.875995635986328, 4.049953460693359, 0.7322111129760742, 1.1464221477508545, 0.054288722574710846
1479751751.9 3.135609329568712, 4.070165819299318, 1.2631881714014033, 0.923549178892118, 1.8578980086367254, 1.2536547204891921 0.473213551897 -0.234356382195 0.252832959375 -0.487606023979 0.538015985818 -0.492471522002-0.479844729471 0.0850000008941-0.3367132842540741, -13.817240715026855, 4.0544328689575195, 0.7382065057754517, 1.137705683708191, 0.051762133836746216
1479751751.93 3.135609329568712, 4.070165819299318, 1.2631881714014033, 0.923549178892118, 1.8578980086367254, 1.2536547204891921 0.473213551897 -0.234356382195 0.252832959375 -0.487606023979 0.538015985818 -0.492471522002-0.479844729471 0.0850000008941-0.29686492681503296, -13.88791275024414, 4.041595935821533, 0.7383877038955688, 1.1349776983261108, 0.05959780514240265
1479751751.96 3.135609329568712, 4.070165819299318, 1.2631881714014033, 0.923549178892118, 1.8578980086367254, 1.2536547204891921 0.473213551897 -0.234356382195 0.252832959375 -0.487606023979 0.538015985818 -0.492471522002-0.479844729471 0.0850000008941-0.2987590730190277, -13.85134220123291, 4.02971076965332, 0.7217884659767151, 1.1386315822601318, 0.06535671651363373
1479751751.99 3.135609329568712, 4.070165819299318, 1.2631881714014033, 0.923549178892118, 1.8578980086367254, 1.2536547204891921 0.473213551897 -0.234356382195 0.252832959375 -0.487606023979 0.538015985818 -0.492471522002-0.479844729471 0.0850000008941-0.30148857831954956, -13.802385330200195, 4.034838676452637, 0.7348633408546448, 1.132656216621399, 0.04398134723305702
1479751752.03 3.135609329568712, 4.070165819299318, 1.2631881714014033, 0.923549178892118, 1.8578980086367254, 1.2536547204891921 0.473213551897 -0.234356382195 0.252832959375 -0.487606023979 0.538015985818 -0.492471522002-0.479844729471 0.0850000008941-0.3500789403915405, -13.891291618347168, 4.038397789001465, 0.7403813004493713, 1.1198532581329346, 0.06866990029811859
1479751752.06 3.135609329568712, 4.070165819299318, 1.2631881714014033, 0.923549178892118, 1.8578980086367254, 1.2536547204891921 0.473213551897 -0.234356382195 0.252832959375 -0.487606023979 0.538015985818 -0.492471522002-0.479844729471 0.0850000008941-0.25122910737991333, -13.825579643249512, 4.012147903442383, 0.7299051880836487, 1.1292535066604614, 0.05014045163989067
1479751752.1 3.135609329568712, 4.070165819299318, 1.2631881714014033, 0.923549178892118, 1.8578980086367254, 1.2536547204891921 0.473213551897 -0.234356382195 0.252832959375 -0.487606023979 0.538015985818 -0.492471522002-0.479844729471 0.0850000008941-0.28301146626472473, -13.82003116607666, 4.049208641052246, 0.7433323860168457, 1.1233882904052734, 0.05869462341070175
1479751752.13 3.135609329568712, 4.070165819299318, 1.2631881714014033, 0.923549178892118, 1.8578980086367254, 1.2536547204891921 0.473213551897 -0.234356382195 0.252832959375 -0.487606023979 0.538015985818 -0.492471522002-0.479844729471 0.0850000008941-0.34868815541267395, -13.844551086425781, 4.045934677124023, 0.7280054092407227, 1.1282929182052612, 0.05261728912591934
1479751752.16 3.135609329568712, 4.070165819299318, 1.2631881714014033, 0.923549178892118, 1.8578980086367254, 1.2536547204891921 0.473213551897 -0.234356382195 0.252832959375 -0.487606023979 0.538015985818 -0.492471522002-0.479844729471 0.0850000008941-0.2947564125061035, -13.836308479309082, 4.039397716522217, 0.7421316504478455, 1.1273683309555054, 0.06333160400390625
1479751752.2 3.135609329568712, 4.070165819299318, 1.2631881714014033, 0.923549178892118, 1.8578980086367254, 1.2536547204891921 0.473213551897 -0.234356382195 0.252832959375 -0.487606023979 0.538015985818 -0.492471522002-0.479844729471 0.0850000008941-0.2848835587501526, -13.837517738342285, 4.043702125549316, 0.7261732220649719, 1.143599271774292, 0.06775584071874619
1479751752.23 3.135609329568712, 4.070165819299318, 1.2631881714014033, 0.923549178892118, 1.8578980086367254, 1.2536547204891921 0.473213551897 -0.234356382195 0.252832959375 -0.487606023979 0.538015985818 -0.492471522002-0.479844729471 0.0850000008941-0.2969362139701843, -13.879266738891602, 4.043950080871582, 0.7348721623420715, 1.1480096578598022, 0.05789122357964516
1479751752.26 3.135609329568712, 4.070165819299318, 1.2631881714014033, 0.923549178892118, 1.8578980086367254, 1.2536547204891921 0.473213551897 -0.234356382195 0.252832959375 -0.487606023979 0.538015985818 -0.492471522002-0.479844729471 0.0850000008941-0.3205660879611969, -13.818859100341797, 4.0587263107299805, 0.7383171319961548, 1.132246732711792, 0.06385978311300278
1479751752.3 3.135609329568712, 4.070165819299318, 1.2631881714014033, 0.923549178892118, 1.8578980086367254, 1.2536547204891921 0.473213551897 -0.234356382195 0.252832959375 -0.487606023979 0.538015985818 -0.492471522002-0.479844729471 0.0850000008941-0.29539254307746887, -13.833189010620117, 4.0393195152282715, 0.7289345860481262, 1.136419653892517, 0.0632668137550354
1479751752.33 3.135609329568712, 4.070165819299318, 1.2631881714014033, 0.923549178892118, 1.8578980086367254, 1.2536547204891921 0.473213551897 -0.234356382195 0.252832959375 -0.487606023979 0.538015985818 -0.492471522002-0.479844729471 0.0850000008941-0.2571752369403839, -13.872081756591797, 4.013134479522705, 0.7186878323554993, 1.1305614709854126, 0.06996701657772064
1479751752.36 3.135609329568712, 4.070165819299318, 1.2631881714014033, 0.923549178892118, 1.8578980086367254, 1.2536547204891921 0.473213551897 -0.234356382195 0.252832959375 -0.487606023979 0.538015985818 -0.492471522002-0.479844729471 0.0850000008941-0.3096376955509186, -13.809857368469238, 4.037277698516846, 0.7391724586486816, 1.1322970390319824, 0.05985329672694206
1479751752.4 3.135609329568712, 4.070165819299318, 1.2631881714014033, 0.923549178892118, 1.8578980086367254, 1.2536547204891921 0.473213551897 -0.234356382195 0.252832959375 -0.487606023979 0.538015985818 -0.492471522002-0.479844729471 0.0850000008941-0.3451327681541443, -13.826148986816406, 4.054078102111816, 0.7431885004043579, 1.1259078979492188, 0.0584413968026638
1479751752.43 3.135609329568712, 4.070165819299318, 1.2631881714014033, 0.923549178892118, 1.8578980086367254, 1.2536547204891921 0.473213551897 -0.234356382195 0.252832959375 -0.487606023979 0.538015985818 -0.492471522002-0.479844729471 0.0850000008941-0.2566879093647003, -13.86733341217041, 4.007052898406982, 0.7420478463172913, 1.1313806772232056, 0.06669729948043823
1479751752.46 3.135609329568712, 4.070165819299318, 1.2631881714014033, 0.923549178892118, 1.8578980086367254, 1.2536547204891921 0.473213551897 -0.234356382195 0.252832959375 -0.487606023979 0.538015985818 -0.492471522002-0.479844729471 0.0850000008941-0.31970080733299255, -13.841377258300781, 4.0811967849731445, 0.7321829795837402, 1.1415189504623413, 0.06508542597293854
1479751752.5 3.135609329568712, 4.070165819299318, 1.2631881714014033, 0.923549178892118, 1.8578980086367254, 1.2536547204891921 0.473213551897 -0.234356382195 0.252832959375 -0.487606023979 0.538015985818 -0.492471522002-0.479844729471 0.0850000008941-0.29060789942741394, -13.83968448638916, 4.0279693603515625, 0.7457033395767212, 1.1457397937774658, 0.04758407548069954
1479751752.53 3.135609329568712, 4.070165819299318, 1.2631881714014033, 0.923549178892118, 1.8578980086367254, 1.2536547204891921 0.473213551897 -0.234356382195 0.252832959375 -0.487606023979 0.538015985818 -0.492471522002-0.479844729471 0.0850000008941-0.31821489334106445, -13.847980499267578, 4.061089038848877, 0.7436656951904297, 1.1347798109054565, 0.06474830210208893
1479751752.56 3.135609329568712, 4.070165819299318, 1.2631881714014033, 0.923549178892118, 1.8578980086367254, 1.2536547204891921 0.473213551897 -0.234356382195 0.252832959375 -0.487606023979 0.538015985818 -0.492471522002-0.479844729471 0.0850000008941-0.3057892322540283, -13.837882041931152, 4.028943061828613, 0.7383260726928711, 1.1454640626907349, 0.07796499133110046
1479751752.6 3.135609329568712, 4.070165819299318, 1.2631881714014033, 0.923549178892118, 1.8578980086367254, 1.2536547204891921 0.473213551897 -0.234356382195 0.252832959375 -0.487606023979 0.538015985818 -0.492471522002-0.479844729471 0.0850000008941-0.351074755191803, -13.84981918334961, 4.054001331329346, 0.7362873554229736, 1.1415563821792603, 0.07310011237859726
1479751752.63 3.135609329568712, 4.070165819299318, 1.2631881714014033, 0.923549178892118, 1.8578980086367254, 1.2536547204891921 0.473213551897 -0.234356382195 0.252832959375 -0.487606023979 0.538015985818 -0.492471522002-0.479844729471 0.0850000008941-0.32813552021980286, -13.867834091186523, 4.059399127960205, 0.7319965362548828, 1.1247113943099976, 0.06102848798036575
1479751752.67 3.135609329568712, 4.070165819299318, 1.2631881714014033, 0.923549178892118, 1.8578980086367254, 1.2536547204891921 0.473213551897 -0.234356382195 0.252832959375 -0.487606023979 0.538015985818 -0.492471522002-0.479844729471 0.0850000008941-0.29173731803894043, -13.815930366516113, 4.034250259399414, 0.7194751501083374, 1.1276451349258423, 0.059612177312374115
1479751752.7 3.135609329568712, 4.070165819299318, 1.2631881714014033, 0.923549178892118, 1.8578980086367254, 1.2536547204891921 0.473213551897 -0.234356382195 0.252832959375 -0.487606023979 0.538015985818 -0.492471522002-0.479844729471 0.0850000008941-0.29885387420654297, -13.862137794494629, 4.023510932922363, 0.7236452102661133, 1.1337155103683472, 0.07471820712089539
1479751752.73 3.135609329568712, 4.070165819299318, 1.2631881714014033, 0.923549178892118, 1.8578980086367254, 1.2536547204891921 0.473213551897 -0.234356382195 0.252832959375 -0.487606023979 0.538015985818 -0.492471522002-0.479844729471 0.0850000008941-0.34965482354164124, -13.822752952575684, 4.047473907470703, 0.733304500579834, 1.1408952474594116, 0.07213333249092102
1479751752.76 3.135609329568712, 4.070165819299318, 1.2631881714014033, 0.923549178892118, 1.8578980086367254, 1.2536547204891921 0.473213551897 -0.234356382195 0.252832959375 -0.487606023979 0.538015985818 -0.492471522002-0.479844729471 0.0850000008941-0.2940918207168579, -13.821700096130371, 4.018742084503174, 0.717553973197937, 1.129719614982605, 0.048497557640075684
1479751752.79 3.135609329568712, 4.070165819299318, 1.2631881714014033, 0.923549178892118, 1.8578980086367254, 1.2536547204891921 0.473213551897 -0.234356382195 0.252832959375 -0.487606023979 0.538015985818 -0.492471522002-0.479844729471 0.0850000008941-0.2876545488834381, -13.85115909576416, 4.040002346038818, 0.7369464039802551, 1.1335406303405762, 0.07290857285261154
1479751752.83 3.135609329568712, 4.070165819299318, 1.2631881714014033, 0.923549178892118, 1.8578980086367254, 1.2536547204891921 0.473213551897 -0.234356382195 0.252832959375 -0.487606023979 0.538015985818 -0.492471522002-0.479844729471 0.0850000008941-0.300429105758667, -13.84286880493164, 4.0499420166015625, 0.729499876499176, 1.1433643102645874, 0.06280869990587234
1479751752.86 3.135609329568712, 4.070165819299318, 1.2631881714014033, 0.923549178892118, 1.8578980086367254, 1.2536547204891921 0.473213551897 -0.234356382195 0.252832959375 -0.487606023979 0.538015985818 -0.492471522002-0.479844729471 0.0850000008941-0.3287278711795807, -13.834224700927734, 4.047109127044678, 0.7341076731681824, 1.1263580322265625, 0.06358399242162704
1479751752.9 3.135609329568712, 4.070165819299318, 1.2631881714014033, 0.923549178892118, 1.8578980086367254, 1.2536547204891921 0.473213551897 -0.234356382195 0.252832959375 -0.487606023979 0.538015985818 -0.492471522002-0.479844729471 0.0850000008941-0.26039496064186096, -13.857029914855957, 4.028575420379639, 0.7332428097724915, 1.1513748168945312, 0.07376108318567276
1479751752.93 3.135609329568712, 4.070165819299318, 1.2631881714014033, 0.923549178892118, 1.8578980086367254, 1.2536547204891921 0.473213551897 -0.234356382195 0.252832959375 -0.487606023979 0.538015985818 -0.492471522002-0.479844729471 0.0850000008941-0.2811642289161682, -13.810159683227539, 4.045712471008301, 0.7424919009208679, 1.1459376811981201, 0.06630871444940567
1479751752.96 3.135609329568712, 4.070165819299318, 1.2631881714014033, 0.923549178892118, 1.8578980086367254, 1.2536547204891921 0.473213551897 -0.234356382195 0.252832959375 -0.487606023979 0.538015985818 -0.492471522002-0.479844729471 0.0850000008941-0.34606221318244934, -13.845932960510254, 4.023369312286377, 0.7430160641670227, 1.1353530883789062, 0.0738164484500885
1479751753.0 3.135609329568712, 4.070165819299318, 1.2631881714014033, 0.923549178892118, 1.8578980086367254, 1.2536547204891921 0.473213551897 -0.234356382195 0.252832959375 -0.487606023979 0.538015985818 -0.492471522002-0.479844729471 0.0850000008941-0.32011595368385315, -13.839466094970703, 4.036317825317383, 0.7220816016197205, 1.137676477432251, 0.06382086127996445
1479751753.03 3.135609329568712, 4.070165819299318, 1.2631881714014033, 0.923549178892118, 1.8578980086367254, 1.2536547204891921 0.473213551897 -0.234356382195 0.252832959375 -0.487606023979 0.538015985818 -0.492471522002-0.479844729471 0.0850000008941-0.2864280641078949, -13.837657928466797, 4.046242713928223, 0.7317694425582886, 1.1287128925323486, 0.05685293301939964
1479751753.06 3.135609329568712, 4.070165819299318, 1.2631881714014033, 0.923549178892118, 1.8578980086367254, 1.2536547204891921 0.473213551897 -0.234356382195 0.252832959375 -0.487606023979 0.538015985818 -0.492471522002-0.479844729471 0.0850000008941-0.3245883584022522, -13.83768081665039, 4.057439804077148, 0.7296833992004395, 1.127862811088562, 0.04676511138677597
1479751753.1 3.135609329568712, 4.070165819299318, 1.2631881714014033, 0.923549178892118, 1.8578980086367254, 1.2536547204891921 0.473213551897 -0.234356382195 0.252832959375 -0.487606023979 0.538015985818 -0.492471522002-0.479844729471 0.0850000008941-0.3282434344291687, -13.841226577758789, 4.032732963562012, 0.7377490997314453, 1.146418809890747, 0.0739511176943779
1479751753.13 3.135609329568712, 4.070165819299318, 1.2631881714014033, 0.923549178892118, 1.8578980086367254, 1.2536547204891921 0.473213551897 -0.234356382195 0.252832959375 -0.487606023979 0.538015985818 -0.492471522002-0.479844729471 0.0850000008941-0.26842212677001953, -13.832942008972168, 4.024884223937988, 0.7201893925666809, 1.1288570165634155, 0.06773096323013306
1479751753.16 3.135609329568712, 4.070165819299318, 1.2631881714014033, 0.923549178892118, 1.8578956117917442, 1.2536547204891921 0.473213444497 -0.234356356274 0.252832555408 -0.487606031575 0.538016904617 -0.492471150686-0.479844072652 0.0850000008941-0.3067280054092407, -13.867795944213867, 4.040768623352051, 0.724731981754303, 1.124568223953247, 0.07065194845199585
1479751753.2 3.135609329568712, 4.070165819299318, 1.2631881714014033, 0.923549178892118, 1.8578956117917442, 1.2536547204891921 0.473213444497 -0.234356356274 0.252832555408 -0.487606031575 0.538016904617 -0.492471150686-0.479844072652 0.0850000008941-0.33814072608947754, -13.85469913482666, 4.0383405685424805, 0.7356127500534058, 1.1397188901901245, 0.07124516367912292
1479751753.23 3.135609329568712, 4.070165819299318, 1.2631881714014033, 0.923549178892118, 1.8578956117917442, 1.2536547204891921 0.473213444497 -0.234356356274 0.252832555408 -0.487606031575 0.538016904617 -0.492471150686-0.479844072652 0.0850000008941-0.2864440083503723, -13.825794219970703, 4.027876853942871, 0.726311445236206, 1.1344633102416992, 0.07584138214588165
1479751753.26 3.135609329568712, 4.070165819299318, 1.2631881714014033, 0.923549178892118, 1.8578956117917442, 1.2536547204891921 0.473213444497 -0.234356356274 0.252832555408 -0.487606031575 0.538016904617 -0.492471150686-0.479844072652 0.0850000008941-0.2992873787879944, -13.879817008972168, 4.047119617462158, 0.7383253574371338, 1.14242684841156, 0.060269419103860855
1479751753.3 3.135609329568712, 4.070165819299318, 1.2631881714014033, 0.923549178892118, 1.8578956117917442, 1.2536547204891921 0.473213444497 -0.234356356274 0.252832555408 -0.487606031575 0.538016904617 -0.492471150686-0.479844072652 0.0850000008941-0.30145904421806335, -13.846254348754883, 4.040102958679199, 0.7389406561851501, 1.1403154134750366, 0.061528898775577545
1479751753.33 3.1356495433011724, 4.070143448746162, 1.263164069793538, 0.9235516423161263, 1.8578956117917442, 1.2536473967961943 0.473198696334 -0.2343752255 0.252839872191 -0.487594107345 0.538027312179 -0.492463680916-0.479852186419 0.0850000008941-0.31301769614219666, -13.829010963439941, 4.043026924133301, 0.7205369472503662, 1.1327179670333862, 0.057902246713638306
1479751753.36 3.1366040202358567, 4.0692249244861936, 1.2622177155001784, 0.9243623085519465, 1.8578956117917442, 1.253238335252758 0.472930455972 -0.234788531537 0.253202991628 -0.487375833069 0.53810113352 -0.492581705707-0.479870014324 0.08500000089410.32244324684143066, -14.417488098144531, 3.8202362060546875, 0.64969402551651, 1.1739269495010376, 0.05780918523669243
1479751753.4 3.138922035648662, 4.067423296008755, 1.2593321804590774, 0.9284553874103165, 1.8578930817887087, 1.2507938196881745 0.472604733191 -0.235686438512 0.253968359614 -0.487078149597 0.5377295818 -0.493638343645-0.479502824523 0.08500000089411.2094175815582275, -14.948648452758789, 4.157439708709717, 0.7829741835594177, 1.3224726915359497, 0.08808735013008118
1479751753.43 -3.141389987030838, 4.064183294226565, 1.2511790459398544, 0.9372836998449019, 1.8578930817887087, 1.2444818615885775 0.471866846807 -0.236604276524 0.25502512977 -0.487379603976 0.536045903111 -0.496037696264-0.47860475893 0.0850000008941-0.14871560037136078, -13.498846054077148, 3.460374593734741, 0.6520838141441345, 1.0000500679016113, -0.0008304659277200699
1479751753.46 -3.1399361673917636, 4.062398709980102, 1.2419931375498985, 0.949652218895557, 1.8578930817887087, 1.2313795084995514 0.471980457991 -0.236643377183 0.255501960906 -0.487526564375 0.5339878141 -0.500862865363-0.475721823677 0.0850000008941-2.350381851196289, -12.669450759887695, 3.8355767726898193, 0.7804614901542664, 1.0065158605575562, 0.04195266589522362
1479751753.5 -3.1393886214716433, 4.061294297076047, 1.2307760361965394, 0.9535792496599605, 1.8578930817887087, 1.2179152318183832 0.469776203502 -0.236683815068 0.254695199052 -0.487034679307 0.533788086525 -0.50267451694-0.474537490463 0.0850000008941-0.5006348490715027, -12.890218734741211, 3.5686967372894287, 0.39951202273368835, 0.9756826162338257, 0.27016621828079224
1479751753.53 -3.139368647763468, 4.060784568043405, 1.2102226910096894, 0.9554063779048366, 1.8578930817887087, 1.194720163988229 0.464648420407 -0.236581230607 0.252154574242 -0.486228498057 0.534134946058 -0.503837868256-0.473739495491 0.08500000089411.5130178928375244, -13.089496612548828, 2.2413153648376465, 0.057483989745378494, 0.9271360039710999, 0.1779158115386963
1479751753.56 -3.1392163149491155, 4.060552873028568, 1.1929178697205178, 0.9557609112249534, 1.8578930817887087, 1.1726679917398823 0.459974708624 -0.236621264524 0.249916979128 -0.484674562674 0.53538694439 -0.504971878301-0.47271004876 0.0850000008941-0.1154927909374237, -13.355367660522461, 2.35143780708313, 0.09107089042663574, 0.9705318212509155, 0.261648565530777
1479751753.6 -3.1387531912355504, 4.060511860347781, 1.1739365885251416, 0.9559244958949116, 1.8578905517856732, 1.1498622780610979 0.454674287278 -0.236810496137 0.247440062797 -0.483268554132 0.53650845708 -0.505700982367-0.472098185234 0.0850000008941-1.396882176399231, -13.31149673461914, 3.4725990295410156, 0.8946216702461243, 1.1937869787216187, 0.28958427906036377
1479751753.63 -3.1384743582694195, 4.060445281320529, 1.147363567168331, 0.9564054627877798, 1.857888154940692, 1.1194850642451635 0.447325025749 -0.236887794138 0.244155422333 -0.481861538785 0.537531635278 -0.506525007312-0.47148872254 0.0850000008941-0.5526174902915955, -13.455053329467773, 4.552060604095459, 0.8879905939102173, 1.2205971479415894, 0.17007246613502502
1479751753.66 -3.138466368786149, 4.060435161308387, 1.1280254223868842, 0.9566583299332829, 1.857888154940692, 1.096835478385285 0.441944958995 -0.236860552864 0.241863082484 -0.480733557861 0.538372561184 -0.507264515326-0.470885276051 0.08500000089410.33407777547836304, -13.563908576965332, 3.216451406478882, 0.7286885380744934, 1.3186508417129517, -0.24450713396072388
1479751753.69 -3.1384141708287836, 4.060406132852505, 1.107702706950435, 0.9569980161303225, 1.857888154940692, 1.0748948925866126 0.436252723728 -0.236846672827 0.239576752232 -0.48004894173 0.538797242957 -0.507621777355-0.470712944034 0.0850000008941-0.4849139153957367, -13.189478874206543, 3.668795347213745, 0.6100255846977234, 1.1029431819915771, -0.22214293479919434
1479751753.73 -3.13832388966783, 4.060380566506041, 1.0803938541844353, 0.9572707238259466, 1.857888154940692, 1.0477406363218922 0.428483274593 -0.236845559343 0.236671049239 -0.479714638698 0.53885619285 -0.507500210666-0.471117188203 0.0850000008941-0.8087409138679504, -13.225666999816895, 2.979249954223633, 0.651111364364624, 1.1823861598968506, -0.21128669381141663
1479751753.76 -3.1383198949261946, 4.060368582281135, 1.0604802002914224, 0.957513670696389, 1.8578856249376565, 1.0280362403115322 0.422794221024 -0.236815003609 0.234683006164 -0.479525717437 0.538843561259 -0.507418117569-0.471412300189 0.0850000008941-0.04224669560790062, -13.284335136413574, 3.5423882007598877, 0.6541604399681091, 1.219964623451233, -0.001020556315779686
1479751753.79 -3.1383140359717965, 4.060351538050158, 1.0426840257811314, 0.9576425676931489, 1.8578856249376565, 1.010659846568065 0.417655950327 -0.236793484598 0.233001799278 -0.479396837818 0.538798403607 -0.50727079131-0.471753427592 0.08500000089410.0032720444723963737, -13.091706275939941, 2.7870819568634033, 0.4858468174934387, 1.1729671955108643, 0.14668428897857666
1479751753.83 -3.1382818117226066, 4.060281763229598, 1.018790011322886, 0.9577714646899087, 1.8578856249376565, 0.988359800601259 0.410697144878 -0.236776701806 0.230905779343 -0.479471868949 0.538513456947 -0.506829134678-0.472476678595 0.0850000008941-0.650404691696167, -12.65229320526123, 1.8149991035461426, 0.2596956193447113, 1.0175514221191406, 0.007629239931702614
1479751753.86 -3.1382759527682085, 4.060200004184133, 1.0021989172058559, 0.9578607471654537, 1.8578856249376565, 0.972391486705144 0.405841823556 -0.236758055749 0.229560859812 -0.479388968817 0.53843153869 -0.506652410157-0.472843557641 0.0850000008941-0.18733417987823486, -12.636902809143066, 1.3488012552261353, 0.0919736847281456, 0.9341480135917664, 0.16515503823757172
1479751753.89 -3.1382738222393365, 4.0600482040019985, 0.9870997259314881, 0.9579276590878419, 1.8578856249376565, 0.9582429107818801 0.401404888939 -0.236740459084 0.228437169366 -0.479394032158 0.538283325632 -0.506419380369-0.473256626436 0.08500000089410.003760518040508032, -12.446813583374023, 1.9676544666290283, 0.1554783582687378, 1.0533169507980347, -0.017125779762864113
1479751753.93 -3.138263702227194, 4.05973634783835, 0.9677835522290343, 0.9580020278612823, 1.8578856249376565, 0.9454504830647117 0.395705328369 -0.236721347675 0.227141728016 -0.480791671915 0.536847828574 -0.504889816944-0.475100042012 0.0850000008941-0.5977460145950317, -12.694517135620117, 2.813443183898926, 0.4224793016910553, 1.09463369846344, 0.005784345790743828
1479751753.96 -3.1382597074855587, 4.059620500330932, 0.9542224696422419, 0.9581383817090944, 1.8578856249376565, 0.9285004614117661 0.391704797717 -0.236701985533 0.226256260544 -0.479679879511 0.537704487499 -0.505705800477-0.474386699518 0.0850000008941-0.4469585716724396, -12.189310073852539, 2.849841356277466, 0.4004388749599457, 1.1128255128860474, -0.12540823221206665
1479751753.99 -3.1382597074855587, 4.059598396093884, 0.9425682103959462, 0.9583912488545975, 1.8578856249376565, 0.9182664659748095 0.388287285967 -0.236676437657 0.225508238307 -0.479945093162 0.537346401644 -0.505395309492-0.474854855017 0.0850000008941-0.19436174631118774, -12.167999267578125, 1.7047046422958374, 0.017524832859635353, 0.9946582913398743, 0.18097226321697235
1479751754.03 -3.138255712743924, 4.059558981309751, 0.9277397294463849, 0.958673876825282, 1.8578856249376565, 0.9049459334134785 0.383916793233 -0.236647583223 0.224617336462 -0.480188648139 0.536975013951 -0.505064185394-0.475380758154 0.0850000008941-0.4284791350364685, -12.166056632995605, 2.013805627822876, 0.2893390655517578, 1.1110827922821045, 0.004788693971931934
1479751754.06 -3.1382538485311606, 4.059536877072703, 0.9178901613127813, 0.9588622954724052, 1.8578856249376565, 0.8967572456937029 0.381006764658 -0.236627934912 0.22405899932 -0.480529488119 0.536567788721 -0.504687062567-0.475896404728 0.0850000008941-0.5374125242233276, -12.01640510559082, 1.4679874181747437, 0.2093353420495987, 1.0936650037765503, -0.022096455097198486
1479751754.09 -3.1382538485311606, 4.059523294951144, 0.9094743059520219, 0.9589838021971401, 1.8578856249376565, 0.8897536646590125 0.378506466272 -0.236612761265 0.223602433508 -0.480810000271 0.536228846284 -0.504356327749-0.4763455287 0.0850000008941-0.3726561665534973, -12.018074989318848, 1.7902417182922363, 0.07792475819587708, 1.0025310516357422, -0.03892951086163521
1479751754.13 -3.1382517180022886, 4.059490804385844, 0.8995806625023777, 0.9591077723458833, 1.8578856249376565, 0.883159078588731 0.375557889275 -0.23659675931 0.223098383801 -0.481568950669 0.53544388393 -0.503575703153-0.477286815351 0.0850000008941-0.24092420935630798, -12.028322219848633, 1.3163948059082031, 0.15149106085300446, 1.0660444498062134, -0.0350690521299839
1479751754.16 -3.1382477232606534, 4.059431149577427, 0.8932521928040223, 0.9592317424946264, 1.8578856249376565, 0.8759546286288215 0.373681617672 -0.236585036408 0.22280533343 -0.48125630413 0.535659380583 -0.503808030336-0.477115149935 0.0850000008941-0.5539926886558533, -11.740654945373535, 1.5819331407546997, 0.03363332524895668, 0.9520409107208252, -0.02110794559121132
1479751754.19 -3.1382458590478906, 4.059383478993914, 0.8883394595411531, 0.9593209583911441, 1.8578856249376565, 0.8725210150353823 0.372222453773 -0.236575848204 0.22258631963 -0.481589860286 0.535308566745 -0.503472307823-0.477526522923 0.0850000008941-0.5285711288452148, -11.912516593933105, 1.6340906620025635, 0.04658694192767143, 1.001890778541565, 0.14922428131103516
1479751754.23 -3.1382458590478906, 4.059155246088495, 0.8827890323552645, 0.9595837458117077, 1.8578856249376565, 0.8691865376135213 0.370621870876 -0.23655570022 0.222410456227 -0.482113674218 0.534783734872 -0.503042255289-0.478038964356 0.08500000089410.0092063182964921, -11.630188941955566, 1.0159568786621094, -0.18317994475364685, 0.8476563692092896, 0.01065021101385355
1479751754.26 -3.1382397337773833, 4.058969357444408, 0.8799236041803937, 0.9597399402096408, 1.8578856249376565, 0.8681899161545864 0.36980228513 -0.236546459652 0.222347896041 -0.482564514061 0.534350911293 -0.502666305371-0.478463351589 0.0850000008941-0.5829820036888123, -11.730387687683105, 1.3063334226608276, 0.0017269779928028584, 0.9817679524421692, 0.06972134113311768
1479751754.29 -3.138235739035748, 4.058899582623847, 0.8784177197420084, 0.9598663737823924, 1.8578856249376565, 0.8677808546111502 0.369380698234 -0.236539332968 0.222305123658 -0.482851086105 0.534078897013 -0.502444382208-0.478710980864 0.0850000008941-0.6351203322410583, -11.625458717346191, 1.501140832901001, 0.121585413813591, 0.9803918600082397, 0.07875283062458038
1479751754.33 -3.138235739035748, 4.0588756141740365, 0.8772667015188762, 0.9600201047563172, 1.8578856249376565, 0.8675527548637849 0.369071474712 -0.236529619999 0.222261257786 -0.483116683415 0.533829507967 -0.502260966614-0.4789136123 0.0850000008941-0.08964541554450989, -11.641624450683594, 1.2438737154006958, -0.09170357882976532, 0.9697087407112122, 0.0836518257856369
1479751754.36 -3.138233608506876, 4.058867092058549, 0.8766371302371815, 0.9600845532546971, 1.8578856249376565, 0.8673767199157307 0.368896719434 -0.236526195332 0.222235918912 -0.483243410693 0.533709420336 -0.502166677479-0.479018463836 0.0850000008941-0.39856359362602234, -11.687009811401367, 1.113842487335205, -0.08164489269256592, 0.9630729556083679, 0.08233393728733063
1479751754.4 -3.138233608506876, 4.0588620320524775, 0.8762781361222388, 0.9601117840768432, 1.8578856249376565, 0.8671362364692965 0.368795121291 -0.23652431271 0.222221593263 -0.483275923186 0.533676750822 -0.502144691314-0.479045109239 0.0850000008941-0.5031075477600098, -11.645614624023438, 1.178471565246582, -0.001307832426391542, 0.9270032048225403, 0.08027398586273193
1479751754.43 -3.138233608506876, 4.05885856994306, 0.8759954415725268, 0.9601440083260331, 1.8578856249376565, 0.8669354341231046 0.368717643169 -0.236522237584 0.222210220221 -0.483301505342 0.533651255842 -0.502132456992-0.479060526142 0.0850000008941-0.2642844617366791, -11.671894073486328, 1.1942543983459473, -0.0705869197845459, 0.9987746477127075, 0.07688412815332413
1479751754.46 -3.1382317442941132, 4.058855107833643, 0.8757869160591737, 0.960181226002267, 1.8578856249376565, 0.8668164574014052 0.368663383884 -0.236520655785 0.22220190744 -0.483331268171 0.53362284642 -0.502119217372-0.479076021664 0.0850000008941-0.25016477704048157, -11.756757736206055, 1.141181468963623, -0.05967220664024353, 0.9320195913314819, 0.08034878224134445
1479751754.49 -3.1382317442941132, 4.058846585718155, 0.8757347181018081, 0.9602035299763964, 1.8578856249376565, 0.8667792397251715 0.368653549932 -0.236519365042 0.222202543049 -0.483338444984 0.533616319006 -0.502122676114-0.479072426489 0.0850000008941-0.44255542755126953, -11.480023384094238, 1.1639140844345093, -0.044778984040021896, 0.9293373227119446, 0.06948599964380264
1479751754.53 -3.1382317442941132, 4.058846585718155, 0.8757046243814902, 0.9602209071025091, 1.8578856249376565, 0.8667520089030254 0.368648646697 -0.236518368817 0.222201038092 -0.483343547556 0.533611710824 -0.502125870786-0.479069062866 0.0850000008941-0.39199554920196533, -11.80240535736084, 1.177127718925476, -0.042829666286706924, 0.986418604850769, 0.079280786216259
1479751754.56 -3.1382317442941132, 4.058844987821501, 0.8756826533024971, 0.9602481379246551, 1.8578856249376565, 0.8667271749258604 0.368648749966 -0.236516831552 0.222200334797 -0.483349634491 0.533606512629 -0.502133042321-0.479061194763 0.0850000008941-0.12207251787185669, -11.729753494262695, 1.1017963886260986, -0.05721224844455719, 0.9321475625038147, 0.0780690535902977
1479751754.59 -3.1382317442941132, 4.058843123608738, 0.8756685385487196, 0.9602630516267596, 1.8578856249376565, 0.8667123278027832 0.368648271509 -0.236515985506 0.222200275774 -0.483352872238 0.533603744836 -0.502137060309-0.47905679941 0.0850000008941-0.42149338126182556, -11.546876907348633, 1.167524814605713, -0.062466491013765335, 0.9584702849388123, 0.07933512330055237
1479751754.63 -3.1382317442941132, 4.058843123608738, 0.8756585516946318, 0.9602778987498368, 1.8578856249376565, 0.8666999441037143 0.368648865128 -0.236515152228 0.222199686125 -0.483356189741 0.533600920056 -0.502140967248-0.47905250335 0.0850000008941-0.4382273256778717, -11.851115226745605, 1.1353503465652466, -0.04741574823856354, 0.9562196135520935, 0.09106308966875076
1479751754.66 -3.1382317442941132, 4.058841525712084, 0.8756465674697265, 0.9602977392999579, 1.8578856249376565, 0.8666874938256182 0.368650192302 -0.236514035709 0.222199484406 -0.483361010745 0.533596826843 -0.502145925734-0.479047000767 0.0850000008941-0.1765432506799698, -11.692940711975098, 1.1313753128051758, -0.06110508739948273, 0.9432337284088135, 0.07044468820095062
1479751754.69 -3.138229613765241, 4.05883992781543, 0.8756424395700368, 0.9603126530020624, 1.8578856249376565, 0.8666801035535933 0.368652176591 -0.236513990489 0.222199837258 -0.483363212455 0.533595100047 -0.50215000572-0.479042425893 0.0850000008941-0.3884592056274414, -11.653000831604004, 1.0779268741607666, -0.08659622818231583, 0.9499799013137817, 0.09022784233093262
1479751754.73 -3.138229613765241, 4.05883992781543, 0.8756404421992193, 0.9603200432740874, 1.8578856249376565, 0.866672646702541 0.368653429073 -0.236513575594 0.222199677446 -0.483363686407 0.533594801565 -0.502153078883-0.479039058714 0.0850000008941-0.47643715143203735, -11.785284042358398, 1.0913128852844238, -0.0476803220808506, 0.9369064569473267, 0.08651252090930939
1479751754.76 -3.138229613765241, 4.058838063602666, 0.8756384448284018, 0.9603349569761918, 1.8578856249376565, 0.8666677198545244 0.368656561094 -0.236512748779 0.222200170567 -0.483366514812 0.533592519777 -0.50215761172-0.479033994815 0.0850000008941-0.24652980268001556, -11.599472999572754, 1.1598899364471436, -0.0602785162627697, 0.9545413255691528, 0.1066676452755928
1479751754.79 -3.138229613765241, 4.058838063602666, 0.8756364474575842, 0.9603423472482168, 1.8578856249376565, 0.8666651898514888 0.368657721844 -0.236512333529 0.22219999742 -0.483368420117 0.533590921501 -0.502159394878-0.479031983338 0.0850000008941-0.33972734212875366, -11.737871170043945, 1.0186442136764526, -0.09473587572574615, 0.94317626953125, 0.08483731746673584
1479751754.83 -3.138229613765241, 4.058838063602666, 0.8756344500867667, 0.960349804099269, 1.8578856249376565, 0.8666627264274804 0.368658984069 -0.236511916758 0.222199839022 -0.483370308354 0.533589336185 -0.502161220185-0.479029930436 0.0850000008941-0.4415661096572876, -11.63881778717041, 1.0777395963668823, -0.07899542897939682, 0.927118718624115, 0.07867465168237686
1479751754.86 -3.138229613765241, 4.058836465706013, 0.8756344500867667, 0.9603621877983378, 1.8578856249376565, 0.8666577995794638 0.368662123027 -0.236511227004 0.222200237593 -0.483372040497 0.533588021694 -0.502165596688-0.47902505892 0.0850000008941-0.2930041551589966, -11.656143188476562, 1.0984488725662231, -0.09564820677042007, 0.9481491446495056, 0.09146293252706528
1479751754.89 -3.138229613765241, 4.058836465706013, 0.875632452715949, 0.96036964464939, 1.8578856249376565, 0.8666577995794638 0.368663365784 -0.236510809376 0.222200077376 -0.483374588259 0.533585838992 -0.502166835207-0.479023620993 0.0850000008941-0.30312350392341614, -11.755270957946777, 1.05875563621521, -0.11219822615385056, 0.9314358234405518, 0.09029081463813782
1479751754.93 -3.138229613765241, 4.058836465706013, 0.875632452715949, 0.9603745714974067, 1.8578856249376565, 0.8666552695764282 0.368664565723 -0.236510536887 0.222200028041 -0.483375324303 0.533585263857 -0.502168509887-0.479021763313 0.0850000008941-0.4225085973739624, -11.537729263305664, 1.1078267097473145, -0.08210195600986481, 0.9432368874549866, 0.07234000414609909
1479751754.96 -3.138229613765241, 4.058836465706013, 0.8756304553451315, 0.9603844917724672, 1.8578856249376565, 0.8666528061524199 0.368666354994 -0.236509982722 0.222199831177 -0.483377881153 0.533583126859 -0.502170895325-0.479019062911 0.0850000008941-0.327777236700058, -11.681192398071289, 1.0297194719314575, -0.09500580281019211, 0.9445645213127136, 0.08580348640680313
1479751754.99 -3.138229613765241, 4.058836465706013, 0.8756304553451315, 0.9603919486235195, 1.8578856249376565, 0.8666528061524199 0.368668187981 -0.236509566766 0.222199757303 -0.483379948927 0.533581393892 -0.502172604195-0.479017115209 0.0850000008941-0.2337336540222168, -11.675535202026367, 1.0353479385375977, -0.104094959795475, 0.9178861975669861, 0.08817830681800842
1479751755.03 -3.138229613765241, 4.058834601493249, 0.8756304553451315, 0.96040186889858, 1.8578856249376565, 0.8666503427284116 0.368670698481 -0.23650901111 0.222200347204 -0.483381605478 0.53358011114 -0.502175900564-0.479013416695 0.0850000008941-0.40879952907562256, -11.610758781433105, 1.057072639465332, -0.07976221293210983, 0.9433035254478455, 0.08164107799530029
1479751755.06 -3.138229613765241, 4.058834601493249, 0.875628457974314, 0.9604117891736406, 1.8578856249376565, 0.8666478793044032 0.368672537272 -0.236508459796 0.222200164885 -0.483384173878 0.533577950702 -0.502178270141-0.479010747236 0.0850000008941-0.3451433479785919, -11.685951232910156, 1.0526065826416016, -0.10344600677490234, 0.9406657814979553, 0.09204629063606262
1479751755.09 -3.138229613765241, 4.058834601493249, 0.875628457974314, 0.9604217094487011, 1.8578856249376565, 0.8666478793044032 0.368674963806 -0.236507907674 0.222200060571 -0.483386910357 0.53357567297 -0.502180528974-0.479008154869 0.0850000008941-0.2502255141735077, -11.63745403289795, 1.1041401624679565, -0.08911735564470291, 0.9401862621307373, 0.08177413046360016
1479751755.12 -3.138229613765241, 4.058834601493249, 0.875628457974314, 0.9604291662997533, 1.8578856249376565, 0.8666453493013677 0.368676796813 -0.236507491642 0.222199986696 -0.483388289808 0.533574563532 -0.502182855775-0.479005559252 0.0850000008941-0.3973475694656372, -11.666825294494629, 1.0992883443832397, -0.08257421851158142, 0.9478752017021179, 0.08819705992937088
1479751755.16 -3.138229613765241, 4.058834601493249, 0.875628457974314, 0.9604415499988221, 1.8578856249376565, 0.8666453493013677 0.368679827666 -0.236506803277 0.222199862545 -0.4833917072 0.533571704898 -0.502185681033-0.479002332884 0.0850000008941-0.3101392686367035, -11.63805866241455, 1.0772645473480225, -0.10198735445737839, 0.9277792572975159, 0.08510834723711014
1479751755.19 -3.138229613765241, 4.058834601493249, 0.8756264606034964, 0.9604514702738828, 1.8578856249376565, 0.8666453493013677 0.368681608675 -0.236506247053 0.222199664453 -0.483395005003 0.533568890261 -0.502187422147-0.47900031474 0.0850000008941-0.2811562716960907, -11.677595138549805, 1.126885175704956, -0.0640903189778328, 0.9571637511253357, 0.0840357169508934
1479751755.23 -3.138229613765241, 4.058834601493249, 0.8756264606034964, 0.9604638539729516, 1.8578856249376565, 0.8666428858773594 0.3686846473 -0.236505556614 0.222199538875 -0.483397787916 0.533566608869 -0.502190832041-0.478996472589 0.0850000008941-0.3926655948162079, -11.645130157470703, 1.104669213294983, -0.06917888671159744, 0.9514912962913513, 0.07691842317581177
1479751755.26 -3.138229613765241, 4.058834601493249, 0.8756264606034964, 0.9604737742480122, 1.8578856249376565, 0.8666428858773594 0.368687073871 -0.236505004351 0.222199434555 -0.483400524414 0.533564331016 -0.502193090861-0.478993880082 0.0850000008941-0.2985829710960388, -11.6419677734375, 1.0725939273834229, -0.10532920807600021, 0.9399980306625366, 0.07534709572792053
1479751755.29 -3.138229613765241, 4.058834601493249, 0.8756244632326788, 0.960486157947081, 1.8578856249376565, 0.866640422453351 0.368689534697 -0.236504313916 0.222199227552 -0.483403722247 0.533561651545 -0.502196082216-0.478990501289 0.0850000008941-0.3036309480667114, -11.705134391784668, 1.1031076908111572, -0.0677451342344284, 0.9423155784606934, 0.08974435180425644
1479751755.33 -3.138229613765241, 4.058834601493249, 0.8756244632326788, 0.9605010716491854, 1.8578856249376565, 0.866640422453351 0.36869319357 -0.236503482568 0.222199077087 -0.483407854094 0.533558193158 -0.502199489191-0.478986611681 0.0850000008941-0.3452424705028534, -11.685760498046875, 1.1366289854049683, -0.06729894131422043, 0.9542700052261353, 0.08159065246582031
1479751755.36 -3.138229613765241, 4.058834601493249, 0.8756244632326788, 0.9605357593223838, 1.8578856249376565, 0.8666379590293427 0.368701689783 -0.236501550877 0.222198723009 -0.483416790995 0.53355077476 -0.502207983093-0.478976950025 0.0850000008941-0.35615274310112, -11.680828094482422, 1.0980353355407715, -0.06360705941915512, 0.9404183626174927, 0.08780425041913986
1479751755.39 -3.138229613765241, 4.058834601493249, 0.8756244632326788, 0.9606002078207636, 1.8578856249376565, 0.8666379590293427 0.368717487082 -0.236497958222 0.222198063861 -0.483434616945 0.533535882299 -0.502222693662-0.478960122984 0.0850000008941-0.29988566040992737, -11.739606857299805, 1.1238900423049927, -0.06762391328811646, 0.934601902961731, 0.06469191610813141
1479751755.43 -3.138227749552478, 4.058834601493249, 0.8756244632326788, 0.9607217145454985, 1.8578856249376565, 0.8666379590293427 0.368746807135 -0.236491889212 0.222196827165 -0.483467699248 0.53350826584 -0.502249963712-0.478928896618 0.0850000008941-0.3378989100456238, -11.656891822814941, 1.099271297454834, -0.05676262080669403, 0.9448849558830261, 0.08747537434101105
1479751755.46 -3.138227749552478, 4.058834601493249, 0.8756244632326788, 0.9608580683933106, 1.8578856249376565, 0.8666354290263071 0.368780211923 -0.236484284715 0.222195434385 -0.483504699107 0.533477396545 -0.502281689151-0.478892658182 0.0850000008941-0.42019549012184143, -11.65294075012207, 1.088146448135376, -0.06190956383943558, 0.9400354623794556, 0.0898236557841301
1479751755.49 -3.138227749552478, 4.058834601493249, 0.8756224658618613, 0.9609621314129054, 1.8578856249376565, 0.8666354290263071 0.368805126564 -0.236478475472 0.222194286962 -0.483533951163 0.533452893651 -0.502304963353-0.478866006434 0.0850000008941-0.2863026261329651, -11.66014575958252, 1.0848157405853271, -0.08837612718343735, 0.9455305933952332, 0.088229700922966
1479751755.53 -3.138227749552478, 4.058833003596595, 0.8756224658618613, 0.9610935584127008, 1.8578856249376565, 0.8666354290263071 0.368837427772 -0.236471138526 0.22219347423 -0.483569916821 0.533422862313 -0.502335297013-0.478831321951 0.0850000008941-0.3190913498401642, -11.6920804977417, 1.0936799049377441, -0.09158138930797577, 0.937042236328125, 0.08798191696405411
1479751755.56 -3.138227749552478, 4.058833003596595, 0.8756224658618613, 0.9611729206131852, 1.8578856249376565, 0.8666354290263071 0.368856886874 -0.2364667025 0.222192666671 -0.483591873272 0.533404497833 -0.502353416193-0.478810596202 0.0850000008941-0.41029608249664307, -11.615113258361816, 1.0837581157684326, -0.07329666614532471, 0.9350029230117798, 0.0886426717042923
1479751755.59 -3.138227749552478, 4.058833003596595, 0.8756224658618613, 0.9612199919854524, 1.8578856249376565, 0.8666329656022989 0.368868393737 -0.236464077999 0.222192186554 -0.483604208219 0.53339423347 -0.502364709636-0.478797723477 0.0850000008941-0.298124223947525, -11.651031494140625, 1.0854142904281616, -0.09981904178857803, 0.9479239583015442, 0.07614507526159286
1479751755.63 -3.138227749552478, 4.058833003596595, 0.8756224658618613, 0.9612770502118073, 1.8578856249376565, 0.8666329656022989 0.368882393207 -0.236460884218 0.222191602457 -0.483620007571 0.53338102276 -0.502377740958-0.478782809034 0.0850000008941-0.3100920021533966, -11.69002628326416, 1.0525792837142944, -0.09701544046401978, 0.9237715005874634, 0.07762384414672852
1479751755.66 -3.138227749552478, 4.058833003596595, 0.8756224658618613, 0.9613290484320911, 1.8578856249376565, 0.8666329656022989 0.368895123279 -0.236457980036 0.22219107474 -0.483634366912 0.533369011187 -0.502389596191-0.478769245761 0.0850000008941-0.4214457869529724, -11.5908842086792, 1.0884677171707153, -0.07540185004472733, 0.9407827854156494, 0.07646841555833817
1479751755.69 -3.138227749552478, 4.058833003596595, 0.8756224658618613, 0.9613514189852478, 1.8578856249376565, 0.8666329656022989 0.368900605245 -0.236456728408 0.222190843849 -0.483640548233 0.533363850001 -0.502394700372-0.478763395275 0.0850000008941-0.2992456555366516, -11.650291442871094, 1.0684571266174316, -0.10206038504838943, 0.9399486780166626, 0.0815715342760086
1479751755.73 -3.138227749552478, 4.058833003596595, 0.8756224658618613, 0.9613711929563415, 1.8578856249376565, 0.8666305021782905 0.368905455616 -0.236455621519 0.222190642552 -0.483645395193 0.533359837624 -0.502399779175-0.478757639316 0.0850000008941-0.30826038122177124, -11.666150093078613, 1.059646725654602, -0.1127605214715004, 0.9411630630493164, 0.08293867111206055
1479751755.76 -3.138227749552478, 4.058833003596595, 0.8756204684910437, 0.9613910335064627, 1.8578856249376565, 0.8666305021782905 0.368909674385 -0.236454510637 0.222190345829 -0.483651402364 0.533354759915 -0.502403789338-0.478753019339 0.0850000008941-0.4141227900981903, -11.656526565551758, 1.0936418771743774, -0.07224687933921814, 0.9344126582145691, 0.07229237258434296
1479751755.79 -3.138227749552478, 4.058833003596595, 0.8756204684910437, 0.9614059472085671, 1.8578856249376565, 0.8666305021782905 0.368913324502 -0.236453677414 0.222190193883 -0.483655518744 0.533351318142 -0.502407188556-0.478749127949 0.0850000008941-0.32708731293678284, -11.653464317321777, 1.0631388425827026, -0.10340055823326111, 0.935454249382019, 0.08908538520336151
1479751755.83 -3.138227749552478, 4.058833003596595, 0.8756204684910437, 0.961418330907636, 1.8578856249376565, 0.8666305021782905 0.368916356223 -0.236452985741 0.222190069676 -0.483658936446 0.533348456482 -0.502410013701-0.478745898465 0.0850000008941-0.2571958601474762, -11.67916488647461, 1.0612214803695679, -0.0917203351855278, 0.9399221539497375, 0.08090958744287491
1479751755.86 -3.138227749552478, 4.058833003596595, 0.8756204684910437, 0.9614331780307132, 1.8578856249376565, 0.8666305021782905 0.368919998609 -0.236452154414 0.222189919149 -0.483663042481 0.53334502152 -0.502413407157-0.478742015773 0.0850000008941-0.42206600308418274, -11.621847152709961, 1.134564757347107, -0.07753602415323257, 0.940819263458252, 0.07425038516521454
1479751755.89 -3.138227749552478, 4.058833003596595, 0.8756204684910437, 0.9614406348817655, 1.8578856249376565, 0.8666305021782905 0.368921817344 -0.236451738873 0.222189842044 -0.483665100471 0.533343300414 -0.502415096463-0.478740081187 0.0850000008941-0.33381587266921997, -11.693439483642578, 1.0814167261123657, -0.0891183391213417, 0.9243379831314087, 0.07940810918807983
1479751755.93 -3.138227749552478, 4.058833003596595, 0.8756204684910437, 0.961450555156826, 1.8578856249376565, 0.8666280387542822 0.368924261556 -0.23645118113 0.222189741814 -0.483667152854 0.533341630569 -0.50241800543-0.478736815142 0.0850000008941-0.2636122703552246, -11.695562362670898, 1.0856904983520508, -0.09600067883729935, 0.9349822402000427, 0.0701724961400032
1479751755.96 -3.138227749552478, 4.058833003596595, 0.8756204684910437, 0.9614629388558948, 1.8578856249376565, 0.8666280387542822 0.368927278501 -0.236450491869 0.222189614411 -0.48367056058 0.533338782597 -0.50242081108-0.478733600658 0.0850000008941-0.4170726239681244, -11.671813011169434, 1.0765063762664795, -0.0833885595202446, 0.9324358105659485, 0.08457174152135849
1479751755.99 -3.138227749552478, 4.058833003596595, 0.8756204684910437, 0.961470395706947, 1.8578856249376565, 0.8666280387542822 0.368929133056 -0.236450068394 0.222189537225 -0.483672645923 0.533337042004 -0.50242254126-0.478731617136 0.0850000008941-0.3672611713409424, -11.663681030273438, 1.1352825164794922, -0.0671260729432106, 0.9336133003234863, 0.08248603343963623
1479751756.03 -3.138227749552478, 4.058833003596595, 0.8756204684910437, 0.9614827794060159, 1.8578856249376565, 0.8666280387542822 0.368932149478 -0.236449380069 0.222189413939 -0.483676047071 0.533334192959 -0.502425351878-0.478728405153 0.0850000008941-0.2824631333351135, -11.682845115661621, 1.1024844646453857, -0.08921342343091965, 0.9410165548324585, 0.08288955688476562
1479751756.06 -3.138227749552478, 4.058833003596595, 0.8756204684910437, 0.9614902362570681, 1.8578856249376565, 0.8666255087512466 0.368933975836 -0.236448962867 0.22218933733 -0.48367748263 0.533333036 -0.502427614233-0.478725869328 0.0850000008941-0.308203786611557, -11.699443817138672, 1.0896214246749878, -0.07526181638240814, 0.937574028968811, 0.0818607360124588
1479751756.09 -3.138227749552478, 4.058833003596595, 0.8756184711202262, 0.9614976931081204, 1.8578856249376565, 0.8666255087512466 0.36893521211 -0.236448543488 0.222189171927 -0.483680031235 0.533330858415 -0.502428838623-0.478724435314 0.0850000008941-0.3956228196620941, -11.666093826293945, 1.1028594970703125, -0.0635775774717331, 0.945151150226593, 0.08179251849651337
1479751756.12 -3.138227749552478, 4.058833003596595, 0.8756184711202262, 0.9615075468041536, 1.8578856249376565, 0.8666255087512466 0.368937633245 -0.236447991166 0.222189074033 -0.483682760638 0.533328569789 -0.502431095439-0.478721858748 0.0850000008941-0.2659183740615845, -11.678544998168945, 1.1189923286437988, -0.08273856341838837, 0.9556365609169006, 0.06572627276182175
1479751756.16 -3.138227749552478, 4.058833003596595, 0.8756184711202262, 0.9615174670792141, 1.8578856249376565, 0.8666255087512466 0.368940054928 -0.236447437813 0.222188972021 -0.483685496628 0.53332628215 -0.502433347285-0.478719279595 0.0850000008941-0.28223717212677, -11.689449310302734, 1.0984798669815063, -0.089479461312294, 0.9499102830886841, 0.08892734348773956
1479751756.19 -3.138227749552478, 4.058833003596595, 0.8756184711202262, 0.9615224605062581, 1.8578856249376565, 0.8666255087512466 0.368941283487 -0.236447157467 0.222188922075 -0.483686877071 0.533325127589 -0.502434494632-0.478717966902 0.0850000008941-0.4349832534790039, -11.681384086608887, 1.1377397775650024, -0.05419371277093887, 0.9608597755432129, 0.07369404286146164
1479751756.23 -3.138227749552478, 4.058833003596595, 0.8756184711202262, 0.9615299173573103, 1.8578856249376565, 0.8666255087512466 0.368943109865 -0.236446740183 0.222188845461 -0.483688941304 0.533323400424 -0.502436192684-0.478716023234 0.0850000008941-0.27981695532798767, -11.689779281616211, 1.089807152748108, -0.08562097698450089, 0.9542228579521179, 0.08574820309877396
1479751756.26 -3.138227749552478, 4.058833003596595, 0.8756184711202262, 0.9615373076293353, 1.8578856249376565, 0.8666255087512466 0.368944925983 -0.236446325716 0.222188771536 -0.483690983153 0.533321692248 -0.502437888064-0.478714083803 0.0850000008941-0.26093536615371704, -11.662158966064453, 1.0866162776947021, -0.08647376298904419, 0.9439393281936646, 0.0874556228518486
1479751756.3 -3.138227749552478, 4.058833003596595, 0.8756184711202262, 0.9615423010563792, 1.8578856249376565, 0.8666230453272382 0.368946149457 -0.23644604608 0.222188719824 -0.483691659662 0.533321175174 -0.502439660638-0.478712115893 0.0850000008941-0.3554147183895111, -11.695989608764648, 1.0957214832305908, -0.06433801352977753, 0.9524585604667664, 0.08409438282251358
