1479751226.69 3.1360586048446084, 4.057996238382092, 1.0578051881344923, 0.9341202639440513, 1.8446172237546636, 1.255990179607137 0.417499039178 -0.234214222736 0.232514656512 0.535043047822 -0.490763577174 0.4438051313510.525278072723 0.0850000008941-0.24947741627693176, -12.6320219039917, 2.4143126010894775, 0.27913331985473633, 1.0599180459976196, 0.06496188789606094
1479751226.72 3.1360586048446084, 4.057996238382092, 1.0578051881344923, 0.9341202639440513, 1.8446172237546636, 1.255990179607137 0.417499039178 -0.234214222736 0.232514656512 0.535043047822 -0.490763577174 0.4438051313510.525278072723 0.0850000008941-0.24630357325077057, -12.62161636352539, 2.4197020530700684, 0.2734137177467346, 1.0343503952026367, 0.07765021920204163
1479751226.76 3.1360586048446084, 4.057996238382092, 1.0578051881344923, 0.9341202639440513, 1.8446172237546636, 1.255990179607137 0.417499039178 -0.234214222736 0.232514656512 0.535043047822 -0.490763577174 0.4438051313510.525278072723 0.0850000008941-0.25189483165740967, -12.645368576049805, 2.37984037399292, 0.27306804060935974, 1.0397968292236328, 0.06667453050613403
1479751226.79 3.1360586048446084, 4.057996238382092, 1.0578051881344923, 0.9341202639440513, 1.8446172237546636, 1.255990179607137 0.417499039178 -0.234214222736 0.232514656512 0.535043047822 -0.490763577174 0.4438051313510.525278072723 0.0850000008941-0.23946458101272583, -12.701937675476074, 2.3696348667144775, 0.26838791370391846, 1.0390243530273438, 0.06257083266973495
1479751226.82 3.1360586048446084, 4.057996238382092, 1.0578051881344923, 0.9341202639440513, 1.8446172237546636, 1.255990179607137 0.417499039178 -0.234214222736 0.232514656512 0.535043047822 -0.490763577174 0.4438051313510.525278072723 0.0850000008941-0.26067423820495605, -12.639312744140625, 2.404172897338867, 0.2668193280696869, 1.044296145439148, 0.07377824187278748
1479751226.86 3.1360586048446084, 4.057996238382092, 1.0578051881344923, 0.9341202639440513, 1.8446172237546636, 1.255990179607137 0.417499039178 -0.234214222736 0.232514656512 0.535043047822 -0.490763577174 0.4438051313510.525278072723 0.0850000008941-0.25039443373680115, -12.668991088867188, 2.4105594158172607, 0.2526531517505646, 1.0294209718704224, 0.05862707272171974
1479751226.89 3.1360586048446084, 4.057996238382092, 1.0578051881344923, 0.9341202639440513, 1.8446172237546636, 1.255990179607137 0.417499039178 -0.234214222736 0.232514656512 0.535043047822 -0.490763577174 0.4438051313510.525278072723 0.0850000008941-0.22708602249622345, -12.63436222076416, 2.3956844806671143, 0.2698492407798767, 1.0466519594192505, 0.06024957075715065
1479751226.92 3.1360586048446084, 4.057996238382092, 1.0578051881344923, 0.9341202639440513, 1.8446172237546636, 1.255990179607137 0.417499039178 -0.234214222736 0.232514656512 0.535043047822 -0.490763577174 0.4438051313510.525278072723 0.0850000008941-0.27339380979537964, -12.622928619384766, 2.400426149368286, 0.26162150502204895, 1.0451778173446655, 0.05147736519575119
1479751226.96 3.1360586048446084, 4.057996238382092, 1.0578051881344923, 0.9341202639440513, 1.8446172237546636, 1.255990179607137 0.417499039178 -0.234214222736 0.232514656512 0.535043047822 -0.490763577174 0.4438051313510.525278072723 0.0850000008941-0.24126987159252167, -12.656916618347168, 2.417151689529419, 0.28556302189826965, 1.0415898561477661, 0.06207728013396263
1479751226.99 3.1360586048446084, 4.057996238382092, 1.0578051881344923, 0.9341202639440513, 1.8446172237546636, 1.255990179607137 0.417499039178 -0.234214222736 0.232514656512 0.535043047822 -0.490763577174 0.4438051313510.525278072723 0.0850000008941-0.2432907223701477, -12.698646545410156, 2.4476566314697266, 0.26468831300735474, 1.042388677597046, 0.07680555433034897
1479751227.02 3.1360586048446084, 4.057996238382092, 1.0578051881344923, 0.9341202639440513, 1.8446172237546636, 1.255990179607137 0.417499039178 -0.234214222736 0.232514656512 0.535043047822 -0.490763577174 0.4438051313510.525278072723 0.0850000008941-0.2644091844558716, -12.607648849487305, 2.402132511138916, 0.26454511284828186, 1.0490728616714478, 0.05843385308980942
1479751227.06 3.1360586048446084, 4.057996238382092, 1.0578051881344923, 0.9341202639440513, 1.8446172237546636, 1.255990179607137 0.417499039178 -0.234214222736 0.232514656512 0.535043047822 -0.490763577174 0.4438051313510.525278072723 0.0850000008941-0.2671973705291748, -12.688532829284668, 2.380319118499756, 0.24635003507137299, 1.0478289127349854, 0.071376733481884
1479751227.09 3.1360586048446084, 4.057996238382092, 1.0578051881344923, 0.9341202639440513, 1.8446172237546636, 1.255990179607137 0.417499039178 -0.234214222736 0.232514656512 0.535043047822 -0.490763577174 0.4438051313510.525278072723 0.0850000008941-0.24769562482833862, -12.631446838378906, 2.3702173233032227, 0.2823169231414795, 1.0486088991165161, 0.06794705241918564
1479751227.12 3.1360586048446084, 4.057996238382092, 1.0578051881344923, 0.9341202639440513, 1.8446172237546636, 1.255990179607137 0.417499039178 -0.234214222736 0.232514656512 0.535043047822 -0.490763577174 0.4438051313510.525278072723 0.0850000008941-0.23735198378562927, -12.62055492401123, 2.393920660018921, 0.2541143000125885, 1.0487734079360962, 0.059555791318416595
1479751227.15 3.1360586048446084, 4.057996238382092, 1.0578051881344923, 0.9341202639440513, 1.8446172237546636, 1.255990179607137 0.417499039178 -0.234214222736 0.232514656512 0.535043047822 -0.490763577174 0.4438051313510.525278072723 0.0850000008941-0.25088247656822205, -12.630414962768555, 2.3818631172180176, 0.27062132954597473, 1.0442841053009033, 0.06955640763044357
1479751227.19 3.1360586048446084, 4.057996238382092, 1.0578051881344923, 0.9341202639440513, 1.8446172237546636, 1.255990179607137 0.417499039178 -0.234214222736 0.232514656512 0.535043047822 -0.490763577174 0.4438051313510.525278072723 0.0850000008941-0.2720436453819275, -12.63291072845459, 2.382685422897339, 0.25585007667541504, 1.0343576669692993, 0.07259251177310944
1479751227.22 3.1360586048446084, 4.057996238382092, 1.0578051881344923, 0.9341202639440513, 1.8446172237546636, 1.255990179607137 0.417499039178 -0.234214222736 0.232514656512 0.535043047822 -0.490763577174 0.4438051313510.525278072723 0.0850000008941-0.2133042812347412, -12.681685447692871, 2.3930914402008057, 0.2632174491882324, 1.0426081418991089, 0.0688353106379509
1479751227.25 3.1360586048446084, 4.057996238382092, 1.0578051881344923, 0.9341202639440513, 1.8446172237546636, 1.255990179607137 0.417499039178 -0.234214222736 0.232514656512 0.535043047822 -0.490763577174 0.4438051313510.525278072723 0.0850000008941-0.25533542037010193, -12.676628112792969, 2.3778655529022217, 0.2590867578983307, 1.0318702459335327, 0.06822002679109573
1479751227.29 3.1360586048446084, 4.057996238382092, 1.0578051881344923, 0.9341202639440513, 1.8446172237546636, 1.255990179607137 0.417499039178 -0.234214222736 0.232514656512 0.535043047822 -0.490763577174 0.4438051313510.525278072723 0.0850000008941-0.24525989592075348, -12.609931945800781, 2.4177401065826416, 0.26583531498908997, 1.0422779321670532, 0.07503586262464523
1479751227.32 3.1360586048446084, 4.057996238382092, 1.0578051881344923, 0.9341202639440513, 1.8446172237546636, 1.255990179607137 0.417499039178 -0.234214222736 0.232514656512 0.535043047822 -0.490763577174 0.4438051313510.525278072723 0.0850000008941-0.2352769821882248, -12.668268203735352, 2.414712429046631, 0.25601646304130554, 1.0432509183883667, 0.0712759718298912
1479751227.35 3.1360586048446084, 4.057996238382092, 1.0578051881344923, 0.9341202639440513, 1.8446172237546636, 1.255990179607137 0.417499039178 -0.234214222736 0.232514656512 0.535043047822 -0.490763577174 0.4438051313510.525278072723 0.0850000008941-0.2780514061450958, -12.638467788696289, 2.3791277408599854, 0.28080955147743225, 1.045264482498169, 0.061138976365327835
1479751227.39 3.1360586048446084, 4.057996238382092, 1.0578051881344923, 0.9341202639440513, 1.8446172237546636, 1.255990179607137 0.417499039178 -0.234214222736 0.232514656512 0.535043047822 -0.490763577174 0.4438051313510.525278072723 0.0850000008941-0.25330445170402527, -12.643813133239746, 2.4043500423431396, 0.274237722158432, 1.0347132682800293, 0.07422535121440887
1479751227.42 3.1360586048446084, 4.057996238382092, 1.0578051881344923, 0.9341202639440513, 1.8446172237546636, 1.255990179607137 0.417499039178 -0.234214222736 0.232514656512 0.535043047822 -0.490763577174 0.4438051313510.525278072723 0.0850000008941-0.23867850005626678, -12.64659595489502, 2.4125733375549316, 0.2546243965625763, 1.0440847873687744, 0.06653236597776413
1479751227.45 3.1360586048446084, 4.057996238382092, 1.0578051881344923, 0.9341202639440513, 1.8446172237546636, 1.255990179607137 0.417499039178 -0.234214222736 0.232514656512 0.535043047822 -0.490763577174 0.4438051313510.525278072723 0.0850000008941-0.23661349713802338, -12.68398380279541, 2.416466236114502, 0.24223220348358154, 1.0294272899627686, 0.05790447071194649
1479751227.49 3.1360586048446084, 4.057996238382092, 1.0578051881344923, 0.9341202639440513, 1.8446172237546636, 1.255990179607137 0.417499039178 -0.234214222736 0.232514656512 0.535043047822 -0.490763577174 0.4438051313510.525278072723 0.0850000008941-0.25742995738983154, -12.60851764678955, 2.422305107116699, 0.26720067858695984, 1.0504686832427979, 0.07258393615484238
1479751227.52 3.1360586048446084, 4.057996238382092, 1.0578051881344923, 0.9341202639440513, 1.8446172237546636, 1.255990179607137 0.417499039178 -0.234214222736 0.232514656512 0.535043047822 -0.490763577174 0.4438051313510.525278072723 0.0850000008941-0.23924201726913452, -12.650891304016113, 2.3760340213775635, 0.2731581926345825, 1.0364208221435547, 0.06730379164218903
1479751227.55 3.1360586048446084, 4.057996238382092, 1.0578051881344923, 0.9341202639440513, 1.8446172237546636, 1.255990179607137 0.417499039178 -0.234214222736 0.232514656512 0.535043047822 -0.490763577174 0.4438051313510.525278072723 0.0850000008941-0.24681751430034637, -12.650751113891602, 2.3914332389831543, 0.2759799659252167, 1.0554280281066895, 0.07353153824806213
1479751227.59 3.1360586048446084, 4.057996238382092, 1.0578051881344923, 0.9341202639440513, 1.8446172237546636, 1.255990179607137 0.417499039178 -0.234214222736 0.232514656512 0.535043047822 -0.490763577174 0.4438051313510.525278072723 0.0850000008941-0.2492547482252121, -12.683181762695312, 2.3862857818603516, 0.26520776748657227, 1.0290523767471313, 0.07576755434274673
1479751227.62 3.1360586048446084, 4.057996238382092, 1.0578051881344923, 0.9341202639440513, 1.8446172237546636, 1.255990179607137 0.417499039178 -0.234214222736 0.232514656512 0.535043047822 -0.490763577174 0.4438051313510.525278072723 0.0850000008941-0.24631911516189575, -12.67044734954834, 2.392001152038574, 0.2667444944381714, 1.0474796295166016, 0.06501270085573196
1479751227.65 3.1360586048446084, 4.057996238382092, 1.0578051881344923, 0.9341202639440513, 1.8446172237546636, 1.255990179607137 0.417499039178 -0.234214222736 0.232514656512 0.535043047822 -0.490763577174 0.4438051313510.525278072723 0.0850000008941-0.2519929111003876, -12.657462120056152, 2.404035806655884, 0.2610698640346527, 1.0430865287780762, 0.06703300029039383
1479751227.69 3.1360586048446084, 4.057996238382092, 1.0578051881344923, 0.9341202639440513, 1.8446172237546636, 1.255990179607137 0.417499039178 -0.234214222736 0.232514656512 0.535043047822 -0.490763577174 0.4438051313510.525278072723 0.0850000008941-0.25875890254974365, -12.664505958557129, 2.3775882720947266, 0.2584760785102844, 1.052109718322754, 0.06856215000152588
1479751227.72 3.1360586048446084, 4.057996238382092, 1.0578051881344923, 0.9341202639440513, 1.8446172237546636, 1.255990179607137 0.417499039178 -0.234214222736 0.232514656512 0.535043047822 -0.490763577174 0.4438051313510.525278072723 0.0850000008941-0.2405567318201065, -12.646566390991211, 2.3913893699645996, 0.26733434200286865, 1.036012053489685, 0.06663350015878677
1479751227.75 3.1360586048446084, 4.057996238382092, 1.0578051881344923, 0.9341202639440513, 1.8446172237546636, 1.255990179607137 0.417499039178 -0.234214222736 0.232514656512 0.535043047822 -0.490763577174 0.4438051313510.525278072723 0.0850000008941-0.22350235283374786, -12.627254486083984, 2.3655683994293213, 0.2729831337928772, 1.0446321964263916, 0.07320655137300491
1479751227.79 3.1360586048446084, 4.057996238382092, 1.0578051881344923, 0.9341202639440513, 1.8446172237546636, 1.255990179607137 0.417499039178 -0.234214222736 0.232514656512 0.535043047822 -0.490763577174 0.4438051313510.525278072723 0.0850000008941-0.23831996321678162, -12.66482162475586, 2.3908767700195312, 0.2645373046398163, 1.0378671884536743, 0.058031000196933746
1479751227.82 3.1360586048446084, 4.057996238382092, 1.0578051881344923, 0.9341202639440513, 1.8446172237546636, 1.255990179607137 0.417499039178 -0.234214222736 0.232514656512 0.535043047822 -0.490763577174 0.4438051313510.525278072723 0.0850000008941-0.2425229251384735, -12.675227165222168, 2.381390333175659, 0.2646324634552002, 1.0439602136611938, 0.05539146438241005
1479751227.85 3.1360586048446084, 4.057996238382092, 1.0578051881344923, 0.9341202639440513, 1.8446172237546636, 1.255990179607137 0.417499039178 -0.234214222736 0.232514656512 0.535043047822 -0.490763577174 0.4438051313510.525278072723 0.0850000008941-0.2512824535369873, -12.677042007446289, 2.3793084621429443, 0.25808462500572205, 1.0414148569107056, 0.06597370654344559
1479751227.89 3.1360586048446084, 4.057996238382092, 1.0578051881344923, 0.9341202639440513, 1.8446172237546636, 1.255990179607137 0.417499039178 -0.234214222736 0.232514656512 0.535043047822 -0.490763577174 0.4438051313510.525278072723 0.0850000008941-0.23766154050827026, -12.645891189575195, 2.4018185138702393, 0.25952431559562683, 1.0469571352005005, 0.061167456209659576
1479751227.92 3.1360586048446084, 4.057996238382092, 1.0578051881344923, 0.9341202639440513, 1.8446172237546636, 1.255990179607137 0.417499039178 -0.234214222736 0.232514656512 0.535043047822 -0.490763577174 0.4438051313510.525278072723 0.0850000008941-0.26242896914482117, -12.61676025390625, 2.3997786045074463, 0.2743622064590454, 1.0573500394821167, 0.07023762166500092
1479751227.96 3.1360586048446084, 4.057996238382092, 1.0578051881344923, 0.9341202639440513, 1.8446172237546636, 1.255990179607137 0.417499039178 -0.234214222736 0.232514656512 0.535043047822 -0.490763577174 0.4438051313510.525278072723 0.0850000008941-0.25217416882514954, -12.645927429199219, 2.3921079635620117, 0.27276885509490967, 1.0377962589263916, 0.0696251392364502
1479751227.99 3.1360586048446084, 4.057996238382092, 1.0578051881344923, 0.9341202639440513, 1.8446172237546636, 1.255990179607137 0.417499039178 -0.234214222736 0.232514656512 0.535043047822 -0.490763577174 0.4438051313510.525278072723 0.0850000008941-0.22835858166217804, -12.697525978088379, 2.4314959049224854, 0.2482910454273224, 1.0466030836105347, 0.04787212982773781
1479751228.02 3.1360586048446084, 4.057996238382092, 1.0578051881344923, 0.9341202639440513, 1.8446172237546636, 1.255990179607137 0.417499039178 -0.234214222736 0.232514656512 0.535043047822 -0.490763577174 0.4438051313510.525278072723 0.0850000008941-0.24962015450000763, -12.63979434967041, 2.3704051971435547, 0.2639753520488739, 1.0447719097137451, 0.06846700608730316
1479751228.05 3.1360586048446084, 4.057996238382092, 1.0578051881344923, 0.9341202639440513, 1.8446172237546636, 1.255990179607137 0.417499039178 -0.234214222736 0.232514656512 0.535043047822 -0.490763577174 0.4438051313510.525278072723 0.0850000008941-0.281506210565567, -12.653194427490234, 2.3962244987487793, 0.2678837478160858, 1.037451148033142, 0.06104007735848427
1479751228.09 3.1360586048446084, 4.057996238382092, 1.0578051881344923, 0.9341202639440513, 1.8446172237546636, 1.255990179607137 0.417499039178 -0.234214222736 0.232514656512 0.535043047822 -0.490763577174 0.4438051313510.525278072723 0.0850000008941-0.24249669909477234, -12.637545585632324, 2.409066915512085, 0.27722224593162537, 1.039039969444275, 0.06737670302391052
1479751228.12 3.1360586048446084, 4.057996238382092, 1.0578051881344923, 0.9341202639440513, 1.8446172237546636, 1.255990179607137 0.417499039178 -0.234214222736 0.232514656512 0.535043047822 -0.490763577174 0.4438051313510.525278072723 0.0850000008941-0.24233591556549072, -12.666620254516602, 2.410973072052002, 0.25805824995040894, 1.0475914478302002, 0.0639546737074852
1479751228.16 3.1360586048446084, 4.057996238382092, 1.0578051881344923, 0.9341202639440513, 1.8446172237546636, 1.255990179607137 0.417499039178 -0.234214222736 0.232514656512 0.535043047822 -0.490763577174 0.4438051313510.525278072723 0.0850000008941-0.23422665894031525, -12.584161758422852, 2.4264976978302, 0.28284773230552673, 1.0571037530899048, 0.07098249346017838
1479751228.19 3.1360586048446084, 4.057996238382092, 1.0578051881344923, 0.9341202639440513, 1.8446172237546636, 1.255990179607137 0.417499039178 -0.234214222736 0.232514656512 0.535043047822 -0.490763577174 0.4438051313510.525278072723 0.0850000008941-0.21259766817092896, -12.65251350402832, 2.432973861694336, 0.2611986994743347, 1.0452579259872437, 0.05867428332567215
1479751228.22 3.1360586048446084, 4.057996238382092, 1.0578051881344923, 0.9341202639440513, 1.8446172237546636, 1.255990179607137 0.417499039178 -0.234214222736 0.232514656512 0.535043047822 -0.490763577174 0.4438051313510.525278072723 0.0850000008941-0.22703179717063904, -12.62039566040039, 2.395376205444336, 0.2565056383609772, 1.0445890426635742, 0.06715486943721771
1479751228.25 3.1361547449599603, 4.057996238382092, 1.057612774745734, 0.9341376410701641, 1.8446642285479036, 1.2559355848047904 0.417427978872 -0.23425432003 0.232505218017 0.535052553777 -0.490728745802 0.4437554025690.525342940783 0.0850000008941-0.23127202689647675, -12.672992706298828, 2.319105625152588, 0.23920364677906036, 1.0264118909835815, 0.05862937122583389
1479751228.29 3.137345710599444, 4.057996238382092, 1.0561870514561602, 0.9344698704161515, 1.8452766224405672, 1.2550555432225736 0.416858321338 -0.234743726085 0.232484384706 0.534933805442 -0.490557422902 0.443486620610.52585060233 0.08500000089410.548414945602417, -12.443062782287598, 1.9485989809036255, 0.07651667296886444, 0.9945608973503113, 0.037991419434547424
1479751228.32 3.1397279081945197, 4.057996238382092, 1.0523490368511925, 0.9372142579194781, 1.8479343240504118, 1.251200351228575 0.416044974654 -0.235631853661 0.232650653415 0.534850311174 -0.489312551951 0.4440698882160.52660260683 0.08500000089411.269152045249939, -12.734535217285156, 2.186861515045166, 0.21745486557483673, 1.097383975982666, 0.07965067028999329
1479751228.35 -3.140888513797576, 4.057996238382092, 1.0435322425883218, 0.946169003926815, 1.8512217301000058, 1.2407061649531177 0.415296353088 -0.236277029543 0.23266218239 0.535521736901 -0.486497299291 0.4469315751620.526107416991 0.0850000008941-1.4833779335021973, -12.376867294311523, 2.1431827545166016, 0.3633100986480713, 1.0127265453338623, 0.19543157517910004
1479751228.39 -3.1397255113495386, 4.057990912059912, 1.0332634928991395, 0.9522727028291676, 1.852034793180807, 1.2293143602322494 0.413568360675 -0.236440493865 0.232055950017 0.536061380369 -0.485040570749 0.4487679210410.52533912309 0.0850000008941-1.8977484703063965, -11.503872871398926, 0.9711022973060608, 0.07274378836154938, 0.8657163381576538, -0.19476214051246643
1479751228.42 -3.139438955216246, 4.057996238382092, 1.016634448736576, 0.9559517932960848, 1.8521960475848112, 1.2148062575618246 0.409527771974 -0.2363517537 0.230734570075 0.537005373057 -0.483509442752 0.4491162724790.525488745714 0.08500000089410.5388614535331726, -12.867029190063477, 1.7410742044448853, 0.30963754653930664, 1.1451704502105713, -0.14384320378303528
1479751228.45 -3.1393827625172452, 4.057994374169329, 1.001579332778249, 0.9573971573986981, 1.85233732828064, 1.1892585532246944 0.405439405952 -0.236287363954 0.229544969382 0.534517214334 -0.485954757639 0.4521909511030.523127771055 0.08500000089410.7666221261024475, -12.537158012390137, 1.7462674379348755, 0.020179565995931625, 1.0116863250732422, -0.22391128540039062
1479751228.49 -3.139065846347526, 4.057992776272675, 0.9874185063139705, 0.9580863169097834, 1.8524687552804353, 1.167070027128536 0.401351814013 -0.236368779519 0.228465025685 0.532411760649 -0.488017276683 0.454331854840.521497287107 0.0850000008941-0.916651725769043, -11.798094749450684, 1.7420903444290161, 0.1087602972984314, 0.9626756906509399, -0.2759128510951996
1479751228.52 -3.138658915332962, 4.057994374169329, 0.9736447703141353, 0.9584805313301423, 1.8525356006237963, 1.1452956225818844 0.397265748538 -0.236499003338 0.227452559467 0.530225135942 -0.490193754092 0.4563459681320.519922826998 0.0850000008941-0.9939606785774231, -12.645748138427734, 2.1525015830993652, 0.5573549270629883, 1.2042089700698853, -0.0837794691324234
1479751228.55 -3.1385446657221974, 4.057992776272675, 0.9564342249275527, 0.9591151626179082, 1.8526521139214873, 1.1141226562322344 0.392272447434 -0.236495029401 0.226270476828 0.526636912102 -0.493788009943 0.4600285523420.516914591667 0.08500000089410.3632920980453491, -12.198310852050781, 1.868929147720337, 0.17725762724876404, 1.1093686819076538, 0.3112645149230957
1479751228.59 -3.138486342494325, 4.057992776272675, 0.9442305555483737, 0.959553984986526, 1.8528132351674371, 1.090949958955237 0.38873001211 -0.236483777457 0.225493624369 0.523822979724 -0.496564184522 0.462918980830.514528438234 0.0850000008941-0.17612221837043762, -11.916850090026855, 1.266435980796814, 0.005216526798903942, 0.9435696601867676, 0.13181611895561218
1479751228.62 -3.1383441296921144, 4.057992776272675, 0.9334143930971258, 0.9597820847338914, 1.852850519422698, 1.070216717236752 0.385512015044 -0.236516332702 0.22482363763 0.521202805381 -0.499172810066 0.4654372407520.512388833089 0.0850000008941-0.9225293397903442, -12.390286445617676, 1.9338816404342651, 0.24755649268627167, 1.088797688484192, 0.08272010087966919
1479751228.65 -3.138326020196702, 4.057990912059912, 0.9199294769175096, 0.9600770964036448, 1.8529397353192159, 1.0436301803374093 0.381534776235 -0.236494582369 0.224042708785 0.517778861779 -0.502534047819 0.4688032865680.509497850418 0.08500000089410.11270195245742798, -11.87618637084961, 2.4260270595550537, 0.34637701511383057, 1.1143579483032227, 0.277069091796875
1479751228.69 -3.13832388966783, 4.057990912059912, 0.9110303909769553, 0.9602159136754652, 1.8529768864164224, 1.0239580751552666 0.378890921176 -0.236479297784 0.223552554005 0.51495855157 -0.505307329663 0.4715391568780.507082849527 0.08500000089410.0822656899690628, -12.172738075256348, 1.4370514154434204, 0.044707562774419785, 1.0453736782073975, 0.1677210032939911
1479751228.72 -3.138293795947512, 4.057990912059912, 0.9036471763288741, 0.9602754353258285, 1.8530116406686479, 1.0064997892082794 0.376674308155 -0.236480345795 0.223164251839 0.512297799108 -0.507906760567 0.4740669032950.504819035694 0.0850000008941-0.6904812455177307, -12.082508087158203, 1.3999435901641846, -0.034691326320171356, 0.9434467554092407, -0.15968462824821472
1479751228.75 -3.1382818117226066, 4.057989314163258, 0.8943430235865187, 0.9603299635491479, 1.8530413349148023, 0.9832527231578414 0.373876853962 -0.236472767425 0.222696785233 0.508607426351 -0.511483540924 0.4775500444610.501646317897 0.0850000008941-0.03570643439888954, -11.470478057861328, 1.4869540929794312, -0.07917584478855133, 0.906727135181427, -0.08282069861888885
1479751228.79 -3.1382799475098433, 4.057990912059912, 0.8888988565281243, 0.9603597243743295, 1.8530487917658545, 0.9677852167047157 0.372237562216 -0.236466442792 0.222432717343 -0.505958013799 0.514038222595 -0.480042916868-0.499329542435 0.0850000008941-0.06356599926948547, -12.140978813171387, 1.7506558895111084, 0.19578540325164795, 1.1403515338897705, 0.2123081237077713
1479751228.82 -3.1382759527682085, 4.057989314163258, 0.8848042463521275, 0.9604167160216572, 1.8530587786199424, 0.9540233983507584 0.371012176121 -0.23646077678 0.222241570517 -0.503415636811 0.516477533949 -0.482449252651-0.497057715116 0.0850000008941-0.4817102551460266, -11.917853355407715, 1.1128654479980469, -0.061149176210165024, 0.9857727289199829, 0.26997387409210205
1479751228.85 -3.138271958026573, 4.057987716266604, 0.8806815398266303, 0.960458927124935, 1.8530686323159757, 0.9366816922804895 0.369773848014 -0.236455799967 0.222054026768 -0.499934984883 0.519796385951 -0.485719122571-0.493916654924 0.0850000008941-0.4145050048828125, -11.381169319152832, 1.4230283498764038, 0.07168616354465485, 1.0069913864135742, -0.15179233253002167
1479751228.88 -3.138271958026573, 4.057989314163258, 0.8787606017323562, 0.9604960782221416, 1.8530711623190113, 0.9250370204141181 0.369201016075 -0.236451837799 0.221967135216 -0.49738127843 0.522217728514 -0.488116396374-0.491571857904 0.0850000008941-0.06973608583211899, -12.255905151367188, 1.3903143405914307, -0.019193094223737717, 1.0180619955062866, 0.1536608785390854
1479751228.92 -3.138271958026573, 4.057985852053841, 0.8776697709498597, 0.9605332958983754, 1.853076089167028, 0.9150683424007606 0.368880202519 -0.236448720252 0.221920155401 -0.495050358497 0.524414234758 -0.490300074993-0.489408509732 0.0850000008941-0.19516989588737488, -11.375642776489258, 1.2418420314788818, -0.058071792125701904, 0.9763658046722412, -0.025049729272723198
1479751228.95 -3.138265832756066, 4.057987716266604, 0.8767433903646756, 0.9605803672706426, 1.8530859428630613, 0.9022585375574795 0.368610287414 -0.236447559898 0.221879432799 -0.491923250477 0.527335518539 -0.493206806491-0.486493383879 0.0850000008941-0.5914999842643738, -11.65388298034668, 1.1464264392852783, -0.03303114324808121, 0.9799671769142151, -0.07941462099552155
1479751228.99 -3.138265832756066, 4.057987716266604, 0.8763162193258269, 0.9606374254969975, 1.8530884728660968, 0.894290492734017 0.368495017518 -0.236443993004 0.221860417444 -0.489940454598 0.529173527019 -0.495049740433-0.484623032622 0.08500000089410.01704048365354538, -11.970147132873535, 1.2223438024520874, -0.043882034718990326, 1.004162073135376, 0.017033718526363373
1479751229.02 -3.138263702227194, 4.057985852053841, 0.8760415142593853, 0.960739025092584, 1.8530933997141135, 0.8871530212755229 0.368436701674 -0.236438933364 0.221848734368 -0.48814465729 0.530827710962 -0.496733090759-0.482900581257 0.0850000008941-0.0426284521818161, -11.385764122009277, 1.0743274688720703, -0.11087759584188461, 0.9322977066040039, 0.0771087035536766
1479751229.05 -3.138257843272796, 4.057987716266604, 0.8757648118221261, 0.9608332344161455, 1.8530984597201845, 0.879286642626674 0.368374952794 -0.23643567901 0.221835688324 -0.486147594364 0.532654231339 -0.498581824571-0.480994958952 0.0850000008941-0.6018029451370239, -11.72417163848877, 1.1549755334854126, -0.004902537912130356, 0.9472442269325256, 0.038130395114421844
1479751229.09 -3.138257843272796, 4.057985852053841, 0.87569663489822, 0.9609448208658199, 1.8531008565651657, 0.8746927563253146 0.368381957351 -0.236429458561 0.221832626973 -0.484970536802 0.533726715008 -0.499695171492-0.479837584718 0.0850000008941-0.04456263780593872, -11.6357421875, 1.0845578908920288, -0.1422821581363678, 0.9620683193206787, 0.023131247609853745
1479751229.12 -3.138257843272796, 4.057985852053841, 0.8756605490654494, 0.9610687910145631, 1.8531057834131823, 0.8713086775281509 0.368401831972 -0.236422600293 0.221830487621 -0.484110644841 0.5345071602 -0.500526790606-0.478969634875 0.0850000008941-0.016428783535957336, -11.4647216796875, 1.1109286546707153, -0.06582102179527283, 0.9237317442893982, 0.09236329793930054
1479751229.15 -3.138255712743924, 4.057987716266604, 0.875632452715949, 0.9611257826618907, 1.8531083134162178, 0.8687625623679807 0.368406992787 -0.236420224454 0.221828356754 -0.483452786532 0.535102182453 -0.501141880721-0.478326115654 0.0850000008941-0.458548367023468, -11.781915664672852, 1.182066559791565, -0.036302391439676285, 1.001379370689392, 0.04375559836626053
1479751229.19 -3.138255712743924, 4.057985852053841, 0.8756224658618613, 0.9611828408882458, 1.8531108434192534, 0.868110553954102 0.368418295297 -0.236417073777 0.221828399189 -0.483296402343 0.535243603359 -0.501309327977-0.478150426361 0.0850000008941-0.1669636070728302, -11.390548706054688, 1.0988900661468506, -0.09392529726028442, 0.937564492225647, 0.08391493558883667
1479751229.22 -3.138255712743924, 4.057985852053841, 0.8756184711202262, 0.9612051448623752, 1.8531132402642345, 0.8678254625594091 0.368422775209 -0.236415857645 0.221828353778 -0.483227596643 0.535305283848 -0.501381995934-0.47807471914 0.0850000008941-0.06281789392232895, -11.73418140411377, 1.1452534198760986, -0.07930134981870651, 0.9522808790206909, 0.08587198704481125
1479751229.25 -3.138255712743924, 4.057985852053841, 0.8756124790077735, 0.9612299122605129, 1.85311577026727, 0.867689108711597 0.36842729291 -0.236414499036 0.221828193822 -0.483199714548 0.535330050062 -0.501419273826-0.478036071021 0.0850000008941-0.2805350124835968, -11.747661590576172, 1.1210216283798218, -0.0818256139755249, 0.9788123369216919, 0.06368892639875412
1479751229.29 -3.138255712743924, 4.057985852053841, 0.8756083511080839, 0.9612398325355734, 1.8531181671122512, 0.8676122765141482 0.368428666387 -0.236413968067 0.221828250411 -0.483183225319 0.535344284539 -0.501439296857-0.478015794037 0.0850000008941-0.32633763551712036, -11.440386772155762, 1.0824099779129028, -0.08324868977069855, 0.933025598526001, 0.07373169809579849
1479751229.32 -3.138255712743924, 4.057985852053841, 0.8756043563664487, 0.9612522162346423, 1.8531206971152867, 0.8675428345887244 0.368430806832 -0.236413297952 0.221828314123 -0.483169242669 0.535356281322 -0.501458309518-0.477996546853 0.0850000008941-0.15135152637958527, -11.804938316345215, 1.186543583869934, -0.06316638737916946, 0.9764280319213867, 0.08144271373748779
1479751229.35 -3.1382538485311606, 4.057985852053841, 0.8756023589956312, 0.9612770502118073, 1.8531206971152867, 0.8674238578670251 0.368435849372 -0.236412531123 0.221827967819 -0.483144398004 0.535379156826 -0.501491479674-0.477961237892 0.0850000008941-0.1611761748790741, -11.647534370422363, 1.0939373970031738, -0.11529751867055893, 0.9660513997077942, 0.07253890484571457
1479751229.39 -3.1382538485311606, 4.057985852053841, 0.8756003616248136, 0.9612918973348845, 1.8531232271183222, 0.8673023511422903 0.368439161705 -0.236411730235 0.221828097886 -0.483116736959 0.535403548838 -0.501523879154-0.47792787845 0.0850000008941-0.4011019170284271, -11.570158004760742, 1.124386191368103, -0.037759922444820404, 0.9339300990104675, 0.07347135245800018
1479751229.42 -3.1382538485311606, 4.057985852053841, 0.8755983642539961, 0.9613092744609972, 1.8531256239633034, 0.8671486201683654 0.368443087688 -0.236410784235 0.221828176943 -0.483081122512 0.535435217005 -0.501564575777-0.477885691132 0.0850000008941-0.17321398854255676, -11.760713577270508, 1.1590051651000977, -0.07752975076436996, 1.0037676095962524, 0.07816809415817261
1479751229.45 -3.1382538485311606, 4.057985852053841, 0.8755983642539961, 0.9613389687071516, 1.853128153966339, 0.8669627315242778 0.368450627952 -0.236409159519 0.221828250022 -0.483039823115 0.535472190466 -0.501616270885-0.477831747905 0.0850000008941-0.14673492312431335, -11.527966499328613, 1.1096506118774414, -0.09563374519348145, 0.9272530674934387, 0.08628739416599274
1479751229.49 -3.1382538485311606, 4.057985852053841, 0.8755943695123609, 0.9613538824092561, 1.853128153966339, 0.8668982164468707 0.368453059809 -0.236408326401 0.221827920495 -0.483027763339 0.535483309567 -0.501634061762-0.477812801314 0.0850000008941-0.4665071368217468, -11.7077054977417, 1.1733808517456055, -0.0406174398958683, 0.97861248254776, 0.06663846224546432
1479751229.52 -3.1382538485311606, 4.057985852053841, 0.8755943695123609, 0.961366266108325, 1.8531306839693744, 0.8668486816505953 0.36845636174 -0.236407660455 0.221828156246 -0.48301816029 0.5354913832 -0.501649240515-0.477797524941 0.0850000008941-0.24420391023159027, -11.717254638671875, 1.1039483547210693, -0.08936164528131485, 0.9721223711967468, 0.07897260785102844
1479751229.55 -3.1382538485311606, 4.057985852053841, 0.8755943695123609, 0.9613786498073938, 1.8531306839693744, 0.8668164574014052 0.368459377675 -0.236406978107 0.221828035459 -0.483012967274 0.535496297026 -0.501659724984-0.477786259373 0.0850000008941-0.06494437903165817, -11.542718887329102, 1.0321656465530396, -0.11895541101694107, 0.9519134163856506, 0.0835270881652832
1479751229.59 -3.1382538485311606, 4.057985852053841, 0.8755923721415434, 0.961386106658446, 1.8531330808143556, 0.8667990802752925 0.368460796293 -0.236406580373 0.221828199764 -0.483011169965 0.535497264561 -0.501665508357-0.477780919524 0.0850000008941-0.39606207609176636, -11.768577575683594, 1.1299866437911987, -0.04487073794007301, 0.9800755381584167, 0.0794558897614479
1479751229.62 -3.1382517180022886, 4.057985852053841, 0.8755923721415434, 0.9613935635094982, 1.8531330808143556, 0.8667842331522153 0.368462104838 -0.236406960212 0.221828127333 -0.483008624066 0.535499701154 -0.501670275225-0.477775757126 0.0850000008941-0.23473648726940155, -11.595804214477539, 1.0918922424316406, -0.09850635379552841, 0.9388847351074219, 0.08090487867593765
1479751229.65 -3.1382517180022886, 4.057985852053841, 0.8755903747707259, 0.9614009537815232, 1.8531330808143556, 0.8667643926020943 0.368463350801 -0.23640654825 0.221827971293 -0.48300584877 0.53550232305 -0.501676231902-0.477769369472 0.0850000008941-0.1129591315984726, -11.630964279174805, 1.0854600667953491, -0.09967382252216339, 0.9703204035758972, 0.08730657398700714
1479751229.69 -3.1382517180022886, 4.057985852053841, 0.8755903747707259, 0.9614059472085671, 1.853135610817391, 0.8667520089030254 0.368464844706 -0.23640629097 0.221828278049 -0.483004171969 0.535503109143 -0.501680832214-0.477765353022 0.0850000008941-0.3558197021484375, -11.719781875610352, 1.1229140758514404, -0.06715108454227448, 0.9679260849952698, 0.08293447643518448
1479751229.72 -3.1382517180022886, 4.057985852053841, 0.8755903747707259, 0.9614084106325754, 1.853135610817391, 0.8667445520519731 0.368465449629 -0.236406154254 0.221828254591 -0.483002892523 0.53550430505 -0.501683149724-0.477762872533 0.0850000008941-0.31388071179389954, -11.551498413085938, 1.0863256454467773, -0.07962477952241898, 0.9604977369308472, 0.08549778908491135
1479751229.75 -3.1382517180022886, 4.057985852053841, 0.8755903747707259, 0.9614134040596194, 1.8531380076623722, 0.8667346317769126 0.368466909017 -0.236405898226 0.221828541191 -0.48300182368 0.535504592507 -0.501687122911-0.477759458756 0.0850000008941-0.1713312864303589, -11.694149017333984, 1.14795982837677, -0.10014481842517853, 0.9707072973251343, 0.08894476294517517
1479751229.78 -3.1382517180022886, 4.057985852053841, 0.8755903747707259, 0.9614158674836277, 1.8531380076623722, 0.8667296383498687 0.368467527352 -0.236405757764 0.221828513958 -0.4830011866 0.535505219369 -0.501688889866-0.477757544741 0.0850000008941-0.23546329140663147, -11.648294448852539, 1.0555411577224731, -0.08732772618532181, 0.9511447548866272, 0.09233732521533966
1479751229.82 -3.1382517180022886, 4.057985852053841, 0.8755883773999082, 0.961418330907636, 1.8531380076623722, 0.866724711501852 0.368467525445 -0.236405622863 0.221828405027 -0.483001060824 0.535505356449 -0.50169010653-0.477756240636 0.0850000008941-0.3186921179294586, -11.524889945983887, 1.0837799310684204, -0.09896448999643326, 0.9348464608192444, 0.08100785315036774
1479751229.85 -3.1382517180022886, 4.057985852053841, 0.8755883773999082, 0.9614232577556526, 1.8531405376654078, 0.8667197180748082 0.36846900791 -0.23640536977 0.221828726175 -0.483001370679 0.535504315849 -0.501692919284-0.477754140087 0.0850000008941-0.20168204605579376, -11.787989616394043, 1.1140861511230469, -0.07779514044523239, 0.9621021747589111, 0.07531395554542542
1479751229.88 -3.1382517180022886, 4.057985852053841, 0.8755883773999082, 0.9614257877586883, 1.8531405376654078, 0.8667172546507999 0.368469626247 -0.236405229301 0.221828698941 -0.483001424402 0.535504319638 -0.501694069922-0.477752873231 0.0850000008941-0.2075614184141159, -11.582009315490723, 1.0824062824249268, -0.08975310623645782, 0.9504071474075317, 0.08519838750362396
1479751229.92 -3.1382517180022886, 4.057985852053841, 0.8755883773999082, 0.9614282511826966, 1.8531405376654078, 0.8667147912267915 0.368470213709 -0.236405096362 0.221828675445 -0.483001391225 0.535504394711 -0.501695238738-0.477751595233 0.0850000008941-0.3577229380607605, -11.669718742370605, 1.1035335063934326, -0.09145426005125046, 0.9687315225601196, 0.07787696272134781
1479751229.95 -3.1382517180022886, 4.057985852053841, 0.8755883773999082, 0.9614307146067048, 1.8531405376654078, 0.8667098643787748 0.368470831508 -0.236404956902 0.221828652324 -0.483000807164 0.535504966812 -0.501696957481-0.477749739563 0.0850000008941-0.25292229652404785, -11.685226440429688, 1.138106107711792, -0.08009117841720581, 0.9542769193649292, 0.08671658486127853
1479751229.99 -3.1382517180022886, 4.057985852053841, 0.8755883773999082, 0.9614307146067048, 1.8531430676684433, 0.8667073343757393 0.36847109595 -0.236404978579 0.221829013933 -0.483000357497 0.535504539885 -0.501698079954-0.477749493973 0.0850000008941-0.1719493716955185, -11.590300559997559, 1.1143944263458252, -0.09554008394479752, 0.9654291272163391, 0.07429897040128708
1479751230.02 -3.1382517180022886, 4.057985852053841, 0.8755883773999082, 0.9614331780307132, 1.8531430676684433, 0.8667073343757393 0.368471698771 -0.236404842096 0.221828989525 -0.483001037621 0.535503973782 -0.501698641728-0.477748850976 0.0850000008941-0.3341723382472992, -11.70144271850586, 1.1365026235580444, -0.07264019548892975, 0.9551648497581482, 0.0708174854516983
1479751230.05 -3.1382517180022886, 4.057985852053841, 0.8755883773999082, 0.9614357080337488, 1.8531430676684433, 0.866704870951731 0.368472319216 -0.236404701368 0.22182896324 -0.483001116888 0.535503949084 -0.50169977702-0.477747606314 0.0850000008941-0.259353905916214, -11.659080505371094, 1.088773250579834, -0.0828537568449974, 0.9649885892868042, 0.08192360401153564
1479751230.08 -3.1382517180022886, 4.057985852053841, 0.8755863800290907, 0.9614357080337488, 1.8531430676684433, 0.8667024075277227 0.36847166253 -0.236404699173 0.221828868036 -0.483000955095 0.535504071066 -0.501699882622-0.477747522261 0.0850000008941-0.17096205055713654, -11.645042419433594, 1.1062148809432983, -0.10975160449743271, 0.9544119238853455, 0.07941657304763794
1479751230.12 -3.1382517180022886, 4.057985852053841, 0.8755863800290907, 0.9614381714577571, 1.8531454645134244, 0.8667024075277227 0.368472504686 -0.236404582506 0.221829175945 -0.483001877376 0.535502521473 -0.501700882533-0.47774727672 0.0850000008941-0.3313611149787903, -11.68915843963623, 1.136138677597046, -0.06941387057304382, 0.962355375289917, 0.075374074280262
1479751230.15 -3.1382517180022886, 4.057985852053841, 0.8755863800290907, 0.9614406348817655, 1.8531454645134244, 0.8666999441037143 0.368473099909 -0.236404447562 0.221829151035 -0.483001920047 0.535502530588 -0.501701998682-0.477746051248 0.0850000008941-0.2762654423713684, -11.581141471862793, 1.1449419260025024, -0.0882348120212555, 0.9483373165130615, 0.08362258225679398
1479751230.19 -3.1382498537895254, 4.057985852053841, 0.8755863800290907, 0.9614406348817655, 1.8531454645134244, 0.8666999441037143 0.368472649003 -0.236405150368 0.221829151035 -0.483001409352 0.535502991214 -0.501701543068-0.477746529708 0.0850000008941-0.1695612221956253, -11.684087753295898, 1.0782256126403809, -0.08942285925149918, 0.9602609276771545, 0.08124814927577972
1479751230.22 -3.1382498537895254, 4.057985852053841, 0.8755863800290907, 0.9614406348817655, 1.8531454645134244, 0.8666974141006787 0.368472649003 -0.236405150368 0.221829151035 -0.483000696722 0.535503633979 -0.501702178837-0.477745862056 0.0850000008941-0.27422526478767395, -11.621574401855469, 1.1267313957214355, -0.08762826025485992, 0.9342445135116577, 0.07574451714754105
1479751230.25 -3.1382498537895254, 4.057985852053841, 0.8755863800290907, 0.9614430983057738, 1.85314799451646, 0.8666974141006787 0.368473524027 -0.236405033557 0.221829486819 -0.483001644329 0.535501996564 -0.501703238287-0.477745626819 0.0850000008941-0.273874968290329, -11.608181953430176, 1.1116100549697876, -0.09062561392784119, 0.9474884271621704, 0.08074343949556351
1479751230.29 -3.1382498537895254, 4.057985852053841, 0.8755863800290907, 0.9614430983057738, 1.85314799451646, 0.8666949506766704 0.368473524027 -0.236405033557 0.221829486819 -0.483001013124 0.535502565888 -0.501703801412-0.47774503545 0.0850000008941-0.20193473994731903, -11.710504531860352, 1.1253105401992798, -0.0927751287817955, 0.9707456827163696, 0.0822276771068573
1479751230.32 -3.1382498537895254, 4.057985852053841, 0.8755863800290907, 0.9614456283088093, 1.85314799451646, 0.8666949506766704 0.36847414183 -0.236404894086 0.221829463697 -0.483001707433 0.535501984951 -0.501704379656-0.477744377428 0.0850000008941-0.2318050116300583, -11.579349517822266, 1.066417932510376, -0.08128616213798523, 0.9520613551139832, 0.08312895894050598
1479751230.35 -3.1382498537895254, 4.057985852053841, 0.8755863800290907, 0.9614456283088093, 1.85314799451646, 0.8666949506766704 0.36847414183 -0.236404894086 0.221829463697 -0.483001707433 0.535501984951 -0.501704379656-0.477744377428 0.0850000008941-0.3014446496963501, -11.675044059753418, 1.0746253728866577, -0.07968398183584213, 0.9544338583946228, 0.07547185570001602
1479751230.39 -3.1382498537895254, 4.057985852053841, 0.8755863800290907, 0.9614456283088093, 1.85314799451646, 0.8666924872526621 0.36847414183 -0.236404894086 0.221829463697 -0.483001060269 0.53550256867 -0.501704957018-0.477743771105 0.0850000008941-0.18986006081104279, -11.62564468383789, 1.095772385597229, -0.09179647266864777, 0.9610037803649902, 0.07890065014362335
1479751230.42 -3.1382498537895254, 4.057985852053841, 0.8755863800290907, 0.9614480917328176, 1.85314799451646, 0.8666924872526621 0.368474739539 -0.236404758324 0.221829437536 -0.48300174618 0.535501996391 -0.501705506961-0.477743141587 0.0850000008941-0.19170452654361725, -11.62796401977539, 1.1312618255615234, -0.10314980149269104, 0.9371445775032043, 0.07651740312576294
1479751230.45 -3.1382498537895254, 4.057985852053841, 0.8755843826582731, 0.9614480917328176, 1.8531505245194957, 0.8666900238286538 0.36847442547 -0.236404777221 0.221829704477 -0.48300177641 0.535501145472 -0.501706132052-0.477743408373 0.0850000008941-0.3462420105934143, -11.653196334838867, 1.096623182296753, -0.07729516178369522, 0.9551418423652649, 0.08012230694293976
1479751230.49 -3.1382498537895254, 4.057985852053841, 0.8755843826582731, 0.9614480917328176, 1.8531505245194957, 0.8666900238286538 0.36847442547 -0.236404777221 0.221829704477 -0.48300177641 0.535501145472 -0.501706132052-0.477743408373 0.0850000008941-0.18089622259140015, -11.61340045928955, 1.0657662153244019, -0.10763265937566757, 0.9396067261695862, 0.0779992863535881
1479751230.52 -3.1382498537895254, 4.057985852053841, 0.8755843826582731, 0.9614480917328176, 1.8531505245194957, 0.8666900238286538 0.36847442547 -0.236404777221 0.221829704477 -0.48300177641 0.535501145472 -0.501706132052-0.477743408373 0.0850000008941-0.20358966290950775, -11.647425651550293, 1.1013048887252808, -0.0946185290813446, 0.9581429958343506, 0.0904868021607399
1479751230.55 -3.1382498537895254, 4.057985852053841, 0.8755843826582731, 0.961450555156826, 1.8531505245194957, 0.8666900238286538 0.368475043274 -0.236404637746 0.221829681353 -0.48300247072 0.535500564534 -0.501706710294-0.477742750345 0.0850000008941-0.3186359405517578, -11.66514778137207, 1.1136994361877441, -0.08357924222946167, 0.9667053818702698, 0.08624677360057831
1479751230.58 -3.1382498537895254, 4.057985852053841, 0.8755843826582731, 0.961450555156826, 1.8531505245194957, 0.8666874938256182 0.368475043274 -0.236404637746 0.221829681353 -0.483001823557 0.535501148255 -0.501707287656-0.477742144018 0.0850000008941-0.1905096024274826, -11.603437423706055, 1.088841199874878, -0.08729594945907593, 0.9571830034255981, 0.07763713598251343
1479751230.62 -3.1382498537895254, 4.057985852053841, 0.8755843826582731, 0.961450555156826, 1.8531505245194957, 0.8666874938256182 0.368475043274 -0.236404637746 0.221829681353 -0.483001823557 0.535501148255 -0.501707287656-0.477742144018 0.0850000008941-0.2370113581418991, -11.70600414276123, 1.0611826181411743, -0.1035546287894249, 0.9564825296401978, 0.08009859919548035
1479751230.65 -3.1382498537895254, 4.057985852053841, 0.8755843826582731, 0.961450555156826, 1.8531505245194957, 0.8666874938256182 0.368475043274 -0.236404637746 0.221829681353 -0.483001823557 0.535501148255 -0.501707287656-0.477742144018 0.0850000008941-0.2877424955368042, -11.604374885559082, 1.103753924369812, -0.07663627713918686, 0.9539883136749268, 0.062251780182123184
1479751230.68 -3.1382498537895254, 4.057985852053841, 0.8755843826582731, 0.9614530185808343, 1.8531505245194957, 0.8666874938256182 0.36847563074 -0.236404504789 0.221829657854 -0.483002487054 0.535500594957 -0.50170783493-0.47774151868 0.0850000008941-0.23957559466362, -11.677214622497559, 1.1391946077346802, -0.09383467584848404, 0.9515234231948853, 0.08005523681640625
1479751230.72 -3.1382498537895254, 4.057985852053841, 0.8755843826582731, 0.9614530185808343, 1.8531505245194957, 0.8666874938256182 0.36847563074 -0.236404504789 0.221829657854 -0.483002487054 0.535500594957 -0.50170783493-0.47774151868 0.0850000008941-0.23294422030448914, -11.648612022399902, 1.1014281511306763, -0.09230833500623703, 0.9503695368766785, 0.09065642952919006
1479751230.75 -3.1382498537895254, 4.057985852053841, 0.8755843826582731, 0.9614530185808343, 1.8531505245194957, 0.8666874938256182 0.36847563074 -0.236404504789 0.221829657854 -0.483002487054 0.535500594957 -0.50170783493-0.47774151868 0.0850000008941-0.22270174324512482, -11.633610725402832, 1.120880365371704, -0.09642377495765686, 0.9698832631111145, 0.07832932472229004
1479751230.78 -3.1382498537895254, 4.057985852053841, 0.8755843826582731, 0.9614530185808343, 1.8531505245194957, 0.8666850304016098 0.36847563074 -0.236404504789 0.221829657854 -0.483001796245 0.535501218043 -0.501708451227-0.477740871462 0.0850000008941-0.2735826075077057, -11.651957511901855, 1.0597327947616577, -0.07927799969911575, 0.9523018598556519, 0.08450303971767426
1479751230.82 -3.1382498537895254, 4.057985852053841, 0.8755843826582731, 0.9614530185808343, 1.8531529213644766, 0.8666850304016098 0.368475886558 -0.236404525637 0.221830004812 -0.483002048088 0.535500192107 -0.501708923551-0.477741270799 0.0850000008941-0.14880812168121338, -11.662423133850098, 1.1179590225219727, -0.10589217394590378, 0.9550901055335999, 0.059170790016651154
1479751230.85 -3.1382498537895254, 4.057985852053841, 0.8755843826582731, 0.9614530185808343, 1.8531529213644766, 0.8666850304016098 0.368475886558 -0.236404525637 0.221830004812 -0.483002048088 0.535500192107 -0.501708923551-0.477741270799 0.0850000008941-0.24175162613391876, -11.620753288269043, 1.098078727722168, -0.09000393003225327, 0.954089879989624, 0.07812481373548508
1479751230.88 -3.1382498537895254, 4.057985852053841, 0.8755843826582731, 0.9614555485838698, 1.8531529213644766, 0.8666850304016098 0.368476504901 -0.236404385145 0.221829977576 -0.483002748979 0.535499612175 -0.501709496811-0.477740610215 0.0850000008941-0.33592599630355835, -11.698408126831055, 1.1033930778503418, -0.0838637724518776, 0.9471820592880249, 0.08346141874790192
1479751230.92 -3.1382498537895254, 4.057985852053841, 0.8755843826582731, 0.9614555485838698, 1.8531529213644766, 0.8666850304016098 0.368476504901 -0.236404385145 0.221829977576 -0.483002748979 0.535499612175 -0.501709496811-0.477740610215 0.0850000008941-0.1452794224023819, -11.615873336791992, 1.089367389678955, -0.09613247215747833, 0.9614116549491882, 0.0608854778110981
1479751230.95 -3.1382498537895254, 4.057985852053841, 0.8755843826582731, 0.9614555485838698, 1.8531529213644766, 0.8666850304016098 0.368476504901 -0.236404385145 0.221829977576 -0.483002748979 0.535499612175 -0.501709496811-0.477740610215 0.0850000008941-0.222950741648674, -11.684975624084473, 1.1074100732803345, -0.08082842081785202, 0.9538535475730896, 0.07090464234352112
1479751230.98 -3.1382498537895254, 4.057985852053841, 0.8755843826582731, 0.9614555485838698, 1.8531529213644766, 0.8666825669776015 0.368476504901 -0.236404385145 0.221829977576 -0.483002101816 0.535500195897 -0.501710074171-0.477740003884 0.0850000008941-0.2762770652770996, -11.601271629333496, 1.1288596391677856, -0.06816142052412033, 0.9527785778045654, 0.08327968418598175
1479751231.02 -3.1382498537895254, 4.057985852053841, 0.8755843826582731, 0.9614555485838698, 1.8531529213644766, 0.8666825669776015 0.368476504901 -0.236404385145 0.221829977576 -0.483002101816 0.535500195897 -0.501710074171-0.477740003884 0.0850000008941-0.22304417192935944, -11.677066802978516, 1.0823376178741455, -0.0953976958990097, 0.9458794593811035, 0.10157562792301178
1479751231.05 -3.1382498537895254, 4.057985852053841, 0.8755823852874556, 0.9614555485838698, 1.8531529213644766, 0.8666825669776015 0.368475915535 -0.236404383174 0.221829892122 -0.483002590934 0.535499733256 -0.501709603044-0.477740522719 0.0850000008941-0.21130329370498657, -11.665101051330566, 1.1090295314788818, -0.08487804979085922, 0.9759707450866699, 0.07714743912220001
1479751231.08 -3.1382498537895254, 4.057985852053841, 0.8755823852874556, 0.9614580120078782, 1.8531529213644766, 0.8666825669776015 0.368476535825 -0.236404242881 0.221829867747 -0.48300329728 0.535499140247 -0.501710178204-0.477739869279 0.0850000008941-0.2991355359554291, -11.624197006225586, 1.1028403043746948, -0.07320912927389145, 0.9631789326667786, 0.07605980336666107
1479751231.12 -3.1382498537895254, 4.057985852053841, 0.8755823852874556, 0.9614580120078782, 1.8531554513675121, 0.8666825669776015 0.368476800077 -0.236404264822 0.221830236311 -0.483003559938 0.535498054809 -0.501710666599-0.477740307494 0.0850000008941-0.24897260963916779, -11.658154487609863, 1.1179451942443848, -0.08617137372493744, 0.9631901383399963, 0.08621978759765625
1479751231.15 -3.1382498537895254, 4.057985852053841, 0.8755823852874556, 0.9614580120078782, 1.8531554513675121, 0.8666825669776015 0.368476800077 -0.236404264822 0.221830236311 -0.483003559938 0.535498054809 -0.501710666599-0.477740307494 0.0850000008941-0.17610731720924377, -11.676361083984375, 1.102562427520752, -0.09043853729963303, 0.9540819525718689, 0.08214086294174194
1479751231.19 -3.1382498537895254, 4.057985852053841, 0.8755823852874556, 0.9614580120078782, 1.8531554513675121, 0.8666801035535933 0.368476800077 -0.236404264822 0.221830236311 -0.483002928735 0.535498624138 -0.501711229721-0.477739716113 0.0850000008941-0.29284292459487915, -11.58742618560791, 1.1223742961883545, -0.06068224459886551, 0.9631339907646179, 0.07244548946619034
1479751231.22 -3.1382498537895254, 4.057985852053841, 0.8755823852874556, 0.9614580120078782, 1.8531554513675121, 0.8666801035535933 0.368476800077 -0.236404264822 0.221830236311 -0.483002928735 0.535498624138 -0.501711229721-0.477739716113 0.0850000008941-0.27704736590385437, -11.68967056274414, 1.1028598546981812, -0.08281658589839935, 0.9700485467910767, 0.08632194250822067
