1479751767.75 -3.138225619023606, 4.058829541487178, 0.8756124790077735, 0.9616984954543123, 1.8578856249376565, 0.8666032047771172 0.368982295229 -0.23643809114 0.222188285635 -0.483729505474 0.533289868707 -0.502478979758-0.478667479958 0.0850000008941-0.34123504161834717, -11.62121868133545, 1.100642204284668, -0.07126868516206741, 0.9529529213905334, 0.08750323206186295
1479751767.78 -3.138225619023606, 4.058829541487178, 0.8756124790077735, 0.9616984954543123, 1.8578856249376565, 0.8666032047771172 0.368982295229 -0.23643809114 0.222188285635 -0.483729505474 0.533289868707 -0.502478979758-0.478667479958 0.0850000008941-0.29411107301712036, -11.625730514526367, 1.1060893535614014, -0.07918356359004974, 0.9435206651687622, 0.08072956651449203
1479751767.82 -3.138225619023606, 4.058829541487178, 0.8756124790077735, 0.9616984954543123, 1.8578856249376565, 0.8666032047771172 0.368982295229 -0.23643809114 0.222188285635 -0.483729505474 0.533289868707 -0.502478979758-0.478667479958 0.0850000008941-0.34377360343933105, -11.683042526245117, 1.107458233833313, -0.08090820908546448, 0.938189685344696, 0.08918269723653793
1479751767.85 -3.138225619023606, 4.058829541487178, 0.8756124790077735, 0.9616984954543123, 1.8578856249376565, 0.8666032047771172 0.368982295229 -0.23643809114 0.222188285635 -0.483729505474 0.533289868707 -0.502478979758-0.478667479958 0.0850000008941-0.3521772027015686, -11.659245491027832, 1.1467612981796265, -0.0760275349020958, 0.9335047602653503, 0.0852532684803009
1479751767.88 -3.138225619023606, 4.058829541487178, 0.8756124790077735, 0.9616984954543123, 1.8578856249376565, 0.8666032047771172 0.368982295229 -0.23643809114 0.222188285635 -0.483729505474 0.533289868707 -0.502478979758-0.478667479958 0.0850000008941-0.3624711036682129, -11.640803337097168, 1.1135191917419434, -0.0826231837272644, 0.9354965686798096, 0.07868544012308121
1479751767.92 -3.138225619023606, 4.058829541487178, 0.8756124790077735, 0.9616984954543123, 1.8578856249376565, 0.8666032047771172 0.368982295229 -0.23643809114 0.222188285635 -0.483729505474 0.533289868707 -0.502478979758-0.478667479958 0.0850000008941-0.3421713411808014, -11.712982177734375, 1.108135461807251, -0.08766759186983109, 0.9389383792877197, 0.08901771157979965
1479751767.95 -3.138225619023606, 4.058829541487178, 0.8756124790077735, 0.9616984954543123, 1.8578856249376565, 0.8666032047771172 0.368982295229 -0.23643809114 0.222188285635 -0.483729505474 0.533289868707 -0.502478979758-0.478667479958 0.0850000008941-0.39800605177879333, -11.617250442504883, 1.1020183563232422, -0.08022364228963852, 0.9304925203323364, 0.10022295266389847
1479751767.98 -3.138225619023606, 4.058829541487178, 0.8756124790077735, 0.9616984954543123, 1.8578856249376565, 0.8666032047771172 0.368982295229 -0.23643809114 0.222188285635 -0.483729505474 0.533289868707 -0.502478979758-0.478667479958 0.0850000008941-0.35548800230026245, -11.676047325134277, 1.1320159435272217, -0.08075931668281555, 0.9540095925331116, 0.091019406914711
1479751768.01 -3.138225619023606, 4.058829541487178, 0.8756124790077735, 0.9616984954543123, 1.8578856249376565, 0.8666032047771172 0.368982295229 -0.23643809114 0.222188285635 -0.483729505474 0.533289868707 -0.502478979758-0.478667479958 0.0850000008941-0.31465911865234375, -11.666741371154785, 1.1186572313308716, -0.06460094451904297, 0.9596875309944153, 0.08794521540403366
1479751768.05 -3.138225619023606, 4.058829541487178, 0.8756124790077735, 0.9616984954543123, 1.8578856249376565, 0.8666032047771172 0.368982295229 -0.23643809114 0.222188285635 -0.483729505474 0.533289868707 -0.502478979758-0.478667479958 0.0850000008941-0.3465348482131958, -11.65181827545166, 1.0730587244033813, -0.08478742837905884, 0.9427260160446167, 0.08250821381807327
1479751768.08 -3.138225619023606, 4.058829541487178, 0.8756124790077735, 0.9616984954543123, 1.8578856249376565, 0.8666032047771172 0.368982295229 -0.23643809114 0.222188285635 -0.483729505474 0.533289868707 -0.502478979758-0.478667479958 0.0850000008941-0.3219136893749237, -11.696737289428711, 1.0799072980880737, -0.08643534779548645, 0.9544283151626587, 0.08092113584280014
1479751768.11 -3.138225619023606, 4.058829541487178, 0.8756124790077735, 0.9616984954543123, 1.8578856249376565, 0.8666032047771172 0.368982295229 -0.23643809114 0.222188285635 -0.483729505474 0.533289868707 -0.502478979758-0.478667479958 0.0850000008941-0.32996267080307007, -11.65810775756836, 1.111457109451294, -0.08600910007953644, 0.9239880442619324, 0.07718639075756073
1479751768.15 -3.138225619023606, 4.058829541487178, 0.8756124790077735, 0.9616984954543123, 1.8578856249376565, 0.8666032047771172 0.368982295229 -0.23643809114 0.222188285635 -0.483729505474 0.533289868707 -0.502478979758-0.478667479958 0.0850000008941-0.3500041663646698, -11.659025192260742, 1.0982288122177124, -0.07334572076797485, 0.9505982995033264, 0.07857470959424973
1479751768.18 -3.138225619023606, 4.058829541487178, 0.8756124790077735, 0.9616984954543123, 1.8578856249376565, 0.8666032047771172 0.368982295229 -0.23643809114 0.222188285635 -0.483729505474 0.533289868707 -0.502478979758-0.478667479958 0.0850000008941-0.3421323299407959, -11.66493034362793, 1.1141871213912964, -0.08661498874425888, 0.9371210336685181, 0.08553523570299149
1479751768.21 -3.138225619023606, 4.058829541487178, 0.8756124790077735, 0.9616984954543123, 1.8578856249376565, 0.8666032047771172 0.368982295229 -0.23643809114 0.222188285635 -0.483729505474 0.533289868707 -0.502478979758-0.478667479958 0.0850000008941-0.32517382502555847, -11.669086456298828, 1.1292997598648071, -0.08872675150632858, 0.9383116364479065, 0.07624837011098862
1479751768.25 -3.138225619023606, 4.058829541487178, 0.8756124790077735, 0.9616984954543123, 1.8578856249376565, 0.8666032047771172 0.368982295229 -0.23643809114 0.222188285635 -0.483729505474 0.533289868707 -0.502478979758-0.478667479958 0.0850000008941-0.35112059116363525, -11.666178703308105, 1.1148422956466675, -0.08558101207017899, 0.9360019564628601, 0.09257727116346359
1479751768.28 -3.138225619023606, 4.058829541487178, 0.8756124790077735, 0.9616984954543123, 1.8578856249376565, 0.8666032047771172 0.368982295229 -0.23643809114 0.222188285635 -0.483729505474 0.533289868707 -0.502478979758-0.478667479958 0.0850000008941-0.29486924409866333, -11.697600364685059, 1.0931724309921265, -0.08247730135917664, 0.9439312815666199, 0.08702191710472107
1479751768.31 -3.138225619023606, 4.058829541487178, 0.8756124790077735, 0.9616984954543123, 1.8578856249376565, 0.8666032047771172 0.368982295229 -0.23643809114 0.222188285635 -0.483729505474 0.533289868707 -0.502478979758-0.478667479958 0.0850000008941-0.31903958320617676, -11.653117179870605, 1.0694537162780762, -0.07653547823429108, 0.9590385556221008, 0.08234670758247375
1479751768.35 -3.138225619023606, 4.058829541487178, 0.8756124790077735, 0.9616984954543123, 1.8578856249376565, 0.8666032047771172 0.368982295229 -0.23643809114 0.222188285635 -0.483729505474 0.533289868707 -0.502478979758-0.478667479958 0.0850000008941-0.33374467492103577, -11.678731918334961, 1.0928921699523926, -0.08996744453907013, 0.9400075674057007, 0.08377577364444733
1479751768.38 -3.138225619023606, 4.058829541487178, 0.8756124790077735, 0.9616984954543123, 1.8578856249376565, 0.8666032047771172 0.368982295229 -0.23643809114 0.222188285635 -0.483729505474 0.533289868707 -0.502478979758-0.478667479958 0.0850000008941-0.33508485555648804, -11.66669750213623, 1.1184883117675781, -0.08666644990444183, 0.9435229897499084, 0.08908253908157349
1479751768.41 -3.138225619023606, 4.058829541487178, 0.8756124790077735, 0.9616984954543123, 1.8578856249376565, 0.8666032047771172 0.368982295229 -0.23643809114 0.222188285635 -0.483729505474 0.533289868707 -0.502478979758-0.478667479958 0.0850000008941-0.3392249643802643, -11.663453102111816, 1.0845637321472168, -0.10423044860363007, 0.9509359002113342, 0.08694847673177719
1479751768.45 -3.138225619023606, 4.058829541487178, 0.8756124790077735, 0.9616984954543123, 1.8578856249376565, 0.8666032047771172 0.368982295229 -0.23643809114 0.222188285635 -0.483729505474 0.533289868707 -0.502478979758-0.478667479958 0.0850000008941-0.3185040056705475, -11.678504943847656, 1.0943541526794434, -0.07863529771566391, 0.9393776059150696, 0.08751567453145981
1479751768.48 -3.138225619023606, 4.058829541487178, 0.8756124790077735, 0.9616984954543123, 1.8578856249376565, 0.8666032047771172 0.368982295229 -0.23643809114 0.222188285635 -0.483729505474 0.533289868707 -0.502478979758-0.478667479958 0.0850000008941-0.34385380148887634, -11.687697410583496, 1.140769124031067, -0.09636497497558594, 0.9391894936561584, 0.08412700146436691
1479751768.51 -3.138225619023606, 4.058829541487178, 0.8756124790077735, 0.9616984954543123, 1.8578856249376565, 0.8666032047771172 0.368982295229 -0.23643809114 0.222188285635 -0.483729505474 0.533289868707 -0.502478979758-0.478667479958 0.0850000008941-0.33366328477859497, -11.668243408203125, 1.1145918369293213, -0.0739908441901207, 0.9467540383338928, 0.10031142830848694
1479751768.55 -3.138225619023606, 4.058829541487178, 0.8756124790077735, 0.9616984954543123, 1.8578856249376565, 0.8666032047771172 0.368982295229 -0.23643809114 0.222188285635 -0.483729505474 0.533289868707 -0.502478979758-0.478667479958 0.0850000008941-0.33366334438323975, -11.656401634216309, 1.0849372148513794, -0.07687782496213913, 0.9345934987068176, 0.09336181730031967
1479751768.58 -3.138225619023606, 4.058829541487178, 0.8756124790077735, 0.9616984954543123, 1.8578856249376565, 0.8666032047771172 0.368982295229 -0.23643809114 0.222188285635 -0.483729505474 0.533289868707 -0.502478979758-0.478667479958 0.0850000008941-0.3584701716899872, -11.656835556030273, 1.1020476818084717, -0.0805736780166626, 0.9475097060203552, 0.09409217536449432
1479751768.61 -3.138225619023606, 4.058829541487178, 0.8756124790077735, 0.9616984954543123, 1.8578856249376565, 0.8666032047771172 0.368982295229 -0.23643809114 0.222188285635 -0.483729505474 0.533289868707 -0.502478979758-0.478667479958 0.0850000008941-0.3450841009616852, -11.640689849853516, 1.1070469617843628, -0.07949641346931458, 0.9268469214439392, 0.07953780889511108
1479751768.65 -3.138225619023606, 4.058829541487178, 0.8756124790077735, 0.9616984954543123, 1.8578856249376565, 0.8666032047771172 0.368982295229 -0.23643809114 0.222188285635 -0.483729505474 0.533289868707 -0.502478979758-0.478667479958 0.0850000008941-0.3318961560726166, -11.699901580810547, 1.1168040037155151, -0.090879425406456, 0.9475107789039612, 0.0903954952955246
1479751768.68 -3.138225619023606, 4.058829541487178, 0.8756124790077735, 0.9616984954543123, 1.8578856249376565, 0.8666032047771172 0.368982295229 -0.23643809114 0.222188285635 -0.483729505474 0.533289868707 -0.502478979758-0.478667479958 0.0850000008941-0.34328457713127136, -11.644664764404297, 1.0994317531585693, -0.06327115744352341, 0.9412281513214111, 0.09306629747152328
1479751768.71 -3.138225619023606, 4.058829541487178, 0.8756124790077735, 0.9616984954543123, 1.8578856249376565, 0.8666032047771172 0.368982295229 -0.23643809114 0.222188285635 -0.483729505474 0.533289868707 -0.502478979758-0.478667479958 0.0850000008941-0.3280288279056549, -11.68381404876709, 1.0776554346084595, -0.08230022341012955, 0.9412588477134705, 0.08176645636558533
1479751768.75 -3.138225619023606, 4.058829541487178, 0.8756124790077735, 0.9616984954543123, 1.8578856249376565, 0.8666032047771172 0.368982295229 -0.23643809114 0.222188285635 -0.483729505474 0.533289868707 -0.502478979758-0.478667479958 0.0850000008941-0.36108797788619995, -11.640182495117188, 1.102813482284546, -0.07733385264873505, 0.9422906637191772, 0.09153157472610474
1479751768.78 -3.138225619023606, 4.058829541487178, 0.8756124790077735, 0.9616984954543123, 1.8578856249376565, 0.8666032047771172 0.368982295229 -0.23643809114 0.222188285635 -0.483729505474 0.533289868707 -0.502478979758-0.478667479958 0.0850000008941-0.3503812551498413, -11.661513328552246, 1.1175603866577148, -0.08089815080165863, 0.9532034397125244, 0.08702284097671509
1479751768.81 -3.138225619023606, 4.058829541487178, 0.8756124790077735, 0.9616984954543123, 1.8578856249376565, 0.8666032047771172 0.368982295229 -0.23643809114 0.222188285635 -0.483729505474 0.533289868707 -0.502478979758-0.478667479958 0.0850000008941-0.32188498973846436, -11.672815322875977, 1.0948764085769653, -0.08985812962055206, 0.9397894144058228, 0.07648494094610214
1479751768.85 -3.138225619023606, 4.058829541487178, 0.8756124790077735, 0.9616984954543123, 1.8578856249376565, 0.8666032047771172 0.368982295229 -0.23643809114 0.222188285635 -0.483729505474 0.533289868707 -0.502478979758-0.478667479958 0.0850000008941-0.3209726810455322, -11.658584594726562, 1.102773666381836, -0.08971380442380905, 0.9419200420379639, 0.08350633829832077
1479751768.88 -3.138225619023606, 4.058829541487178, 0.8756124790077735, 0.9616984954543123, 1.8578856249376565, 0.8666032047771172 0.368982295229 -0.23643809114 0.222188285635 -0.483729505474 0.533289868707 -0.502478979758-0.478667479958 0.0850000008941-0.3290134072303772, -11.678301811218262, 1.0915294885635376, -0.07654757052659988, 0.9541319012641907, 0.09298130869865417
1479751768.91 -3.138225619023606, 4.058829541487178, 0.8756124790077735, 0.9616984954543123, 1.8578856249376565, 0.8666032047771172 0.368982295229 -0.23643809114 0.222188285635 -0.483729505474 0.533289868707 -0.502478979758-0.478667479958 0.0850000008941-0.36617228388786316, -11.682903289794922, 1.1166061162948608, -0.07623196393251419, 0.9438515901565552, 0.08837141841650009
1479751768.95 -3.138225619023606, 4.058829541487178, 0.8756124790077735, 0.9616984954543123, 1.8578856249376565, 0.8666032047771172 0.368982295229 -0.23643809114 0.222188285635 -0.483729505474 0.533289868707 -0.502478979758-0.478667479958 0.0850000008941-0.3429718315601349, -11.655508995056152, 1.1188220977783203, -0.08061185479164124, 0.9531965851783752, 0.08074449747800827
1479751768.98 -3.138225619023606, 4.058829541487178, 0.8756124790077735, 0.9616984954543123, 1.8578856249376565, 0.8666032047771172 0.368982295229 -0.23643809114 0.222188285635 -0.483729505474 0.533289868707 -0.502478979758-0.478667479958 0.0850000008941-0.33256518840789795, -11.695636749267578, 1.106502890586853, -0.09639604389667511, 0.9417497515678406, 0.1013253927230835
1479751769.01 -3.138225619023606, 4.058829541487178, 0.8756124790077735, 0.9616984954543123, 1.8578856249376565, 0.8666032047771172 0.368982295229 -0.23643809114 0.222188285635 -0.483729505474 0.533289868707 -0.502478979758-0.478667479958 0.0850000008941-0.3233386278152466, -11.646303176879883, 1.1153584718704224, -0.0709715262055397, 0.9516972303390503, 0.07887237519025803
1479751769.04 -3.138225619023606, 4.058829541487178, 0.8756124790077735, 0.9616984954543123, 1.8578856249376565, 0.8666032047771172 0.368982295229 -0.23643809114 0.222188285635 -0.483729505474 0.533289868707 -0.502478979758-0.478667479958 0.0850000008941-0.3089066743850708, -11.683794975280762, 1.0825324058532715, -0.08503782004117966, 0.9515647292137146, 0.08750903606414795
1479751769.08 -3.138225619023606, 4.058829541487178, 0.8756124790077735, 0.9616984954543123, 1.8578856249376565, 0.8666032047771172 0.368982295229 -0.23643809114 0.222188285635 -0.483729505474 0.533289868707 -0.502478979758-0.478667479958 0.0850000008941-0.3356001079082489, -11.650412559509277, 1.1065139770507812, -0.07662352919578552, 0.9466290473937988, 0.08842072635889053
1479751769.11 -3.138225619023606, 4.058829541487178, 0.8756124790077735, 0.9616984954543123, 1.8578856249376565, 0.8666032047771172 0.368982295229 -0.23643809114 0.222188285635 -0.483729505474 0.533289868707 -0.502478979758-0.478667479958 0.0850000008941-0.3554384410381317, -11.669974327087402, 1.0896244049072266, -0.10147774964570999, 0.9336667060852051, 0.0799342542886734
1479751769.15 -3.138225619023606, 4.058829541487178, 0.8756124790077735, 0.9616984954543123, 1.8578856249376565, 0.8666032047771172 0.368982295229 -0.23643809114 0.222188285635 -0.483729505474 0.533289868707 -0.502478979758-0.478667479958 0.0850000008941-0.3124520778656006, -11.653708457946777, 1.1148273944854736, -0.08316385746002197, 0.9314465522766113, 0.08632095903158188
1479751769.18 -3.138225619023606, 4.058829541487178, 0.8756124790077735, 0.9616984954543123, 1.8578856249376565, 0.8666032047771172 0.368982295229 -0.23643809114 0.222188285635 -0.483729505474 0.533289868707 -0.502478979758-0.478667479958 0.0850000008941-0.3090142607688904, -11.705751419067383, 1.125841736793518, -0.07452091574668884, 0.9393702745437622, 0.08966508507728577
1479751769.21 -3.138225619023606, 4.058829541487178, 0.8756124790077735, 0.9616984954543123, 1.8578856249376565, 0.8666032047771172 0.368982295229 -0.23643809114 0.222188285635 -0.483729505474 0.533289868707 -0.502478979758-0.478667479958 0.0850000008941-0.34302663803100586, -11.622879981994629, 1.1070200204849243, -0.07855378091335297, 0.948084831237793, 0.08327622711658478
1479751769.25 -3.138225619023606, 4.058829541487178, 0.8756124790077735, 0.9616984954543123, 1.8578856249376565, 0.8666032047771172 0.368982295229 -0.23643809114 0.222188285635 -0.483729505474 0.533289868707 -0.502478979758-0.478667479958 0.0850000008941-0.3502863347530365, -11.693765640258789, 1.1116414070129395, -0.09618474543094635, 0.9405377507209778, 0.07985065877437592
1479751769.28 -3.138263702227194, 4.058863629949131, 0.8755682705336781, 0.961703422302329, 1.8578608575395188, 0.8665709805279272 0.368974702319 -0.236423496303 0.222170076231 -0.483749747781 0.533278959711 -0.502473133055-0.4786653144 0.0850000008941-0.3219865560531616, -11.665611267089844, 1.095669150352478, -0.07984332740306854, 0.9490873217582703, 0.09027203172445297
1479751769.31 -3.138271958026573, 4.05961544032486, 0.8738057905242638, 0.9617058857263373, 1.8575162444944624, 0.8639877142705503 0.368367839113 -0.236415696623 0.221766176446 -0.483662253988 0.533446101426 -0.502418274827-0.478625070446 0.0850000008941-0.19407370686531067, -11.089540481567383, 0.5043670535087585, -0.30309897661209106, 0.7745093107223511, 0.08441392332315445
1479751769.35 -3.1382698274977012, 4.062615224976725, 0.8701842909159194, 0.9617084157293729, 1.8574419423000492, 0.8587690503774583 0.367100094855 -0.236411573964 0.220496488973 -0.483931110385 0.533159909305 -0.50204616405-0.479062460097 0.0850000008941-0.08932393789291382, -9.669807434082031, 0.56989586353302, -0.2228158414363861, 0.7076431512832642, 0.1093558520078659
1479751769.38 -3.1382698274977012, 4.068352206596974, 0.8640784614846948, 0.9617084157293729, 1.8574195717468927, 0.8505109873112862 0.364923667859 -0.236404170405 0.218147112806 -0.484708526562 0.532339115085 -0.501143938765-0.480132756086 0.0850000008941-0.2354668527841568, -9.55904769897461, 0.6971815824508667, -0.34831488132476807, 0.6537232398986816, 0.1275443732738495
1479751769.41 -3.138271958026573, 4.077759024199352, 0.8510586663894609, 0.9617207994284418, 1.857265907351995, 0.8348649824860979 0.360395536647 -0.236386487165 0.214258639458 -0.486164776374 0.530821776943 -0.499418873341-0.482133633225 0.0850000008941-0.11417234688997269, -12.664389610290527, 1.1148920059204102, -0.18226724863052368, 1.0340970754623413, -0.0524197556078434
1479751769.44 -3.1382738222393365, 4.081421669646538, 0.8385262297737115, 0.9617381099755272, 1.8570105102034564, 0.8203172652944583 0.356327330921 -0.236369477458 0.212550316209 -0.486335812619 0.530568960544 -0.498931850307-0.482743269473 0.0850000008941-0.017603769898414612, -14.28010082244873, 0.9859241843223572, -0.2860625982284546, 1.1880196332931519, -0.134195476770401
1479751769.48 -3.138271958026573, 4.083482423698042, 0.8172610216274834, 0.9621149472697734, 1.856911307452851, 0.7951563185266349 0.349788362418 -0.236326203531 0.211318326125 -0.485595421358 0.531035114589 -0.49937513547-0.482517634811 0.0850000008941-0.14041179418563843, -11.369607925415039, 0.056447286158800125, -0.1375831961631775, 0.8504526615142822, 0.34177181124687195
1479751769.51 -3.138271958026573, 4.08417271505259, 0.7984041100550138, 0.9622984390688799, 1.8568543158055233, 0.7737586846952025 0.344020238094 -0.236296182611 0.210762113948 -0.484856848047 0.531513913781 -0.499803039024-0.482290077175 0.0850000008941-0.5917608737945557, -11.612825393676758, -0.4438313841819763, -0.3708164393901825, 0.9206516742706299, 0.03264664113521576
1479751769.54 -3.1382738222393365, 4.08459695661424, 0.7802028687429218, 0.962370344418312, 1.8567973241581957, 0.7536898350896651 0.338437795887 -0.236272552922 0.210420534499 -0.484206661193 0.531909640362 -0.500117015934-0.482181515739 0.0850000008941-0.005217834375798702, -11.973908424377441, 0.4650787115097046, -0.5268934965133667, 0.8112014532089233, -0.13744822144508362
1479751769.58 -3.138271958026573, 4.084651551416586, 0.7607583306759261, 0.9624050320915104, 1.8567749536050389, 0.7333210469663576 0.332490467551 -0.236251223386 0.210312083897 -0.483687440279 0.532156387007 -0.50029462002-0.48224613328 0.0850000008941-0.28763508796691895, -10.398344039916992, 0.8159643411636353, -0.15969087183475494, 0.9918627738952637, -0.09226846694946289
1479751769.61 -3.138271958026573, 4.084736772571469, 0.7339928959303573, 0.9624595603148297, 1.8567576430579533, 0.707706364127812 0.324306428854 -0.236220802851 0.21035060553 -0.483623874216 0.53189099012 -0.499965118534-0.482943892359 0.0850000008941-0.692264199256897, -10.820228576660156, -0.08812887966632843, -0.28264951705932617, 0.8945717811584473, 0.2995322048664093
1479751769.65 -3.138271958026573, 4.084917601209486, 0.7148050865924455, 0.9624794008649509, 1.856740332510868, 0.6905158590284323 0.31842892966 -0.236200014791 0.210475908602 -0.483912419956 0.531388003382 -0.499418013767-0.483773921577 0.0850000008941-0.24672947824001312, -11.227217674255371, 1.0649099349975586, -0.475082129240036, 0.8623659610748291, 0.012329756282269955
1479751769.68 -3.138271958026573, 4.0849583475741635, 0.6952763926350034, 0.9624917845640197, 1.8567352725047968, 0.6727626279907187 0.312460765314 -0.236179443115 0.210767814723 -0.484100760031 0.530963205161 -0.498963521003-0.484520312898 0.0850000008941-0.379717081785202, -10.36166000366211, 0.4586963951587677, -0.25341707468032837, 0.8508716225624084, 0.021378615871071815
1479751769.71 -3.138271958026573, 4.085040106619629, 0.6705983435518386, 0.9625066982661241, 1.8567204919607467, 0.650859193289253 0.304926167536 -0.236153456737 0.211293841012 -0.48448436226 0.530286358029 -0.498258251284-0.485602714409 0.0850000008941-0.711268424987793, -11.159268379211426, 0.34717461466789246, -0.382896363735199, 0.9112236499786377, 0.1352953463792801
1479751769.74 -3.138271958026573, 4.085040106619629, 0.6539270882859971, 0.9625215453892013, 1.8567204919607467, 0.6372064979609618 0.299850909559 -0.236135750227 0.21177229595 -0.485035432448 0.529554878326 -0.49752346347-0.486603188858 0.0850000008941-0.31972792744636536, -10.189241409301758, 0.1527465283870697, -0.4858086109161377, 0.7436506748199463, -0.0888187363743782
1479751769.78 -3.1382698274977012, 4.085052090844535, 0.6377691573202683, 0.9625339290882702, 1.856710505106659, 0.623266181234942 0.294937091324 -0.236119279446 0.212312166651 -0.485381222306 0.529015620128 -0.496980428916-0.487399216215 0.0850000008941-0.392884761095047, -10.64406967163086, 0.49475207924842834, -0.3855680227279663, 0.8712149262428284, -0.07398676872253418
1479751769.81 -3.138271958026573, 4.085052090844535, 0.6167646726447589, 0.9625686833404957, 1.856710505106659, 0.60613266778289 0.288571821717 -0.236095518361 0.213137048528 -0.486096846485 0.528062854229 -0.496047200898-0.488668243599 0.0850000008941-0.5146867036819458, -10.022125244140625, 0.2789493203163147, -0.6703731417655945, 0.6639248728752136, 0.087073415517807
1479751769.84 -3.138271958026573, 4.085050492947881, 0.603458188258178, 0.9626082978617106, 1.8567081082616779, 0.5951053832362262 0.284552407846 -0.236079894863 0.21372736242 -0.486508312225 0.527496971332 -0.495502138664-0.489422351299 0.0850000008941-0.3017313778400421, -10.092642784118652, -0.011583784595131874, -0.6467608213424683, 0.7351543307304382, -0.06770199537277222
1479751769.88 -3.138271958026573, 4.085050492947881, 0.5903582320141327, 0.9626405886899279, 1.8567055782586424, 0.5854490274397078 0.280601698555 -0.236064910983 0.214360729086 -0.487227143119 0.526645758417 -0.494671365198-0.490463246944 0.0850000008941-0.4179144501686096, -10.397130966186523, 1.1013197898864746, -0.5025491714477539, 0.7886583209037781, 0.2215663194656372
1479751769.91 -3.138271958026573, 4.085050492947881, 0.5742202747565796, 0.9626827332141784, 1.8567055782586424, 0.5729168571400675 0.275747589805 -0.236046385167 0.215212033767 -0.487945135225 0.525746279266 -0.493805506635-0.491585716295 0.0850000008941-0.4310312271118164, -9.973105430603027, 0.42266935110092163, -0.6308605670928955, 0.6976840496063232, -0.04845684394240379
1479751769.95 -3.138271958026573, 4.085048628735117, 0.5638974628972689, 0.9626975803372556, 1.8567055782586424, 0.5652736513905673 0.272647408737 -0.236035242166 0.215799146708 -0.488497182897 0.525079617308 -0.493159233296-0.492398079203 0.0850000008941-0.5600790977478027, -9.848464012145996, 0.031373169273138046, -0.6257151961326599, 0.7642586827278137, 0.1420469433069229
1479751769.98 -3.138271958026573, 4.085048628735117, 0.5546374853394952, 0.9627174208873767, 1.8567055782586424, 0.558731130119597 0.269873084586 -0.236024895102 0.216351905514 -0.489076646857 0.524401850385 -0.49250274599-0.493201559207 0.0850000008941-0.3849237561225891, -10.260622024536133, -0.04770984500646591, -0.6261921525001526, 0.7765629291534424, 0.16490066051483154
1479751770.01 -3.1382698274977012, 4.085048628735117, 0.5434343988713726, 0.9627372614374977, 1.8567055782586424, 0.5519109743049857 0.266522146795 -0.236013205568 0.21705530376 -0.490061323988 0.523312263086 -0.49143664939-0.494443316945 0.0850000008941-0.5628690719604492, -9.613290786743164, -0.03555210307240486, -0.6219387054443359, 0.6486281156539917, 0.13858093321323395
1479751770.04 -3.138271958026573, 4.085048628735117, 0.5363600443307133, 0.9627545719845833, 1.8567055782586424, 0.5473543056798602 0.264412172233 -0.236004636125 0.217518305438 -0.490619189775 0.52268224761 -0.490826107865-0.495162408202 0.0850000008941-0.4746558666229248, -9.869338035583496, -0.20525844395160675, -0.8583788275718689, 0.6201881170272827, 0.00206527067348361
1479751770.08 -3.138271958026573, 4.0850454329418096, 0.5301699591405012, 0.9627620288356354, 1.8567030482556068, 0.5438437933099449 0.262566318545 -0.23599805704 0.217937036332 -0.491226745291 0.522016207741 -0.490172403198-0.495909647728 0.0850000008941-0.2916649878025055, -9.52829647064209, 0.3642037808895111, -0.6874867081642151, 0.6612057089805603, 0.17868682742118835
1479751770.11 -3.138271958026573, 4.085047030838463, 0.5236410199910903, 0.9627719491106961, 1.8567030482556068, 0.541101835941113 0.260622721338 -0.235991036074 0.218389695219 -0.492119553398 0.521073332611 -0.489243010822-0.496932795826 0.0850000008941-0.5883803367614746, -9.750664710998535, 0.13163229823112488, -0.7539902329444885, 0.6575369834899902, 0.06333354115486145
1479751770.14 -3.138271958026573, 4.085047030838463, 0.5199594661001647, 0.9627794059617483, 1.8567030482556068, 0.5402614088801112 0.259528635882 -0.235986978668 0.218650604768 -0.492806194891 0.520366951005 -0.488543232731-0.497680419879 0.0850000008941-0.38575083017349243, -9.585530281066895, -0.04302270710468292, -0.8079521656036377, 0.567731499671936, 0.11410332471132278
1479751770.18 -3.138271958026573, 4.085047030838463, 0.5175391853015007, 0.9627843328097649, 1.8567030482556068, 0.5397730184257044 0.258809903638 -0.235984306219 0.218824309591 -0.493273796777 0.519886128616 -0.488066680157-0.498187003449 0.0850000008941-0.40605759620666504, -9.351934432983398, -0.1453433334827423, -0.7770083546638489, 0.6487622857093811, 0.08719583600759506
1479751770.21 -3.138271958026573, 4.085047030838463, 0.5159630932788781, 0.9627917896608171, 1.8567030482556068, 0.5394680864808903 0.258342996589 -0.235982331448 0.218937941695 -0.493582903462 0.519568972135 -0.487753320844-0.498518503779 0.0850000008941-0.4857529401779175, -9.71965503692627, -0.28391921520233154, -0.8462521433830261, 0.6056829690933228, 0.10030023008584976
1479751770.24 -3.138271958026573, 4.085047030838463, 0.5152512636090136, 0.9627967165088338, 1.8567030482556068, 0.5394110615440489 0.258132491174 -0.23598135314 0.218989354692 -0.493743955403 0.519405520369 -0.487591760377-0.498687364114 0.0850000008941-0.44677355885505676, -9.46108627319336, -0.26230674982070923, -0.8118000030517578, 0.6135695576667786, 0.10619465261697769
1479751770.28 -3.138271958026573, 4.085047030838463, 0.5147138709905492, 0.9628017099358777, 1.8567030482556068, 0.5393763405813371 0.257973930744 -0.235980540689 0.219028124257 -0.493868047918 0.519279934046 -0.487467905354-0.498816341546 0.0850000008941-0.31004130840301514, -9.491929054260254, -0.3260869085788727, -0.8766705393791199, 0.5769933462142944, 0.11082810163497925
1479751770.31 -3.138271958026573, 4.085047030838463, 0.5143890319165868, 0.9628091667869298, 1.8567030482556068, 0.5393540366072076 0.257879099139 -0.235979804072 0.219051147036 -0.493944216344 0.519203764077 -0.487393843994-0.498892576959 0.0850000008941-0.44439488649368286, -9.645561218261719, -0.4687347412109375, -0.874269425868988, 0.5657078623771667, 0.10525470227003098
1479751770.34 -3.138271958026573, 4.085047030838463, 0.514168455599301, 0.9628116302109382, 1.8567030482556068, 0.5393416529081387 0.257814139266 -0.235979444898 0.219067057891 -0.493995767159 0.519151687973 -0.487342589598-0.498945795922 0.0850000008941-0.4625382125377655, -9.401410102844238, -0.2877727746963501, -0.8238151669502258, 0.6184345483779907, 0.11918307840824127
1479751770.38 -3.138271958026573, 4.085047030838463, 0.5140501446678742, 0.9628165570589549, 1.8567030482556068, 0.5393317326330782 0.257780019339 -0.235979052569 0.219075252008 -0.494023809264 0.519124087414 -0.487316289922-0.498972435435 0.0850000008941-0.2500643730163574, -9.717107772827148, -0.42859676480293274, -0.8687722682952881, 0.6065035462379456, 0.09925524145364761
1479751770.41 -3.138271958026573, 4.085047030838463, 0.5139679195692181, 0.9628215504859987, 1.8567030482556068, 0.5393218123580177 0.257756755553 -0.235978690345 0.219080762896 -0.494043030232 0.519105482423 -0.487298985961-0.498989659891 0.0850000008941-0.4987444281578064, -9.5042142868042, -0.32608485221862793, -0.8273639678955078, 0.6034890413284302, 0.10048991441726685
1479751770.44 -3.138271958026573, 4.085047030838463, 0.5139518740236504, 0.962824013910007, 1.8567030482556068, 0.5393143555069655 0.257752511158 -0.235978533912 0.219081693496 -0.494045855695 0.519103036549 -0.487297171568-0.498991178777 0.0850000008941-0.38870930671691895, -9.540721893310547, -0.39139431715011597, -0.8618808388710022, 0.6011517643928528, 0.10690706968307495
1479751770.48 -3.138271958026573, 4.085047030838463, 0.5139358284780826, 0.9628289407580237, 1.8567030482556068, 0.5393094286589488 0.257748857151 -0.235978240738 0.219082363532 -0.494050197511 0.519099638626 -0.487294984169-0.498992550967 0.0850000008941-0.34422290325164795, -9.64445972442627, -0.353116899728775, -0.8578700423240662, 0.6065219640731812, 0.10682421177625656
1479751770.51 -3.138271958026573, 4.085047030838463, 0.513921813592846, 0.9628314707610593, 1.8567030482556068, 0.5393044685214186 0.257745251442 -0.235978083522 0.219083138111 -0.494053196413 0.519097064722 -0.487293067496-0.498994131109 0.0850000008941-0.42620745301246643, -9.484091758728027, -0.30353420972824097, -0.8293067216873169, 0.6081711649894714, 0.11729320138692856
1479751770.54 -3.138271958026573, 4.085047030838463, 0.5139177855616973, 0.9628363976090759, 1.8567030482556068, 0.5392995083838883 0.257745135375 -0.235977805725 0.219082937266 -0.494054537854 0.519096700429 -0.487293891054-0.498992377668 0.0850000008941-0.37756115198135376, -9.656375885009766, -0.3760277032852173, -0.8653178811073303, 0.5950641632080078, 0.1094186007976532
1479751770.58 -3.138271958026573, 4.085047030838463, 0.5139117934492446, 0.9628388610330842, 1.8567030482556068, 0.5392970116703664 0.257743906144 -0.2359776593 0.219083122999 -0.494056178794 0.519095544414 -0.487293345954-0.498992487873 0.0850000008941-0.36213207244873047, -9.546902656555176, -0.30557170510292053, -0.8387119770050049, 0.6111583709716797, 0.10723082721233368
1479751770.61 -3.138271958026573, 4.085047030838463, 0.5139077654180959, 0.9628413910361199, 1.8567030482556068, 0.539292051532836 0.257743267404 -0.235977514835 0.21908316283 -0.494056767988 0.519095421231 -0.487293837471-0.498991552659 0.0850000008941-0.39484119415283203, -9.625350952148438, -0.36638498306274414, -0.8531140089035034, 0.6192709803581238, 0.10900672525167465
1479751770.64 -3.138271958026573, 4.085047030838463, 0.5139037706764608, 0.9628438544601282, 1.8567030482556068, 0.5392895881088278 0.25774269509 -0.235977370588 0.219083186248 -0.494057861643 0.519094821503 -0.48729384694-0.498991084461 0.0850000008941-0.44524872303009033, -9.59311294555664, -0.33021241426467896, -0.8410574793815613, 0.6061604619026184, 0.11428955942392349
1479751770.68 -3.138271958026573, 4.085047030838463, 0.5139017400161296, 0.9628463178841364, 1.8567030482556068, 0.5392895881088278 0.257742614815 -0.235977228708 0.219083092991 -0.494059239889 0.519093967395 -0.487293614435-0.498990835412 0.0850000008941-0.3075995147228241, -9.477877616882324, -0.3295157551765442, -0.8551676273345947, 0.5906096696853638, 0.11928093433380127
1479751770.71 -3.138271958026573, 4.085047030838463, 0.5139017400161296, 0.9628513113111804, 1.8567030482556068, 0.5392870913953057 0.257743712068 -0.235976951288 0.219082589099 -0.494060294903 0.519093953746 -0.487294792479-0.498988654588 0.0850000008941-0.4173494875431061, -9.652397155761719, -0.36442896723747253, -0.8369089961051941, 0.6118564009666443, 0.12111328542232513
1479751770.74 -3.138271958026573, 4.085047030838463, 0.513899742645312, 0.9628513113111804, 1.8567030482556068, 0.5392846279712974 0.257743139276 -0.235976949385 0.219082730631 -0.494060143187 0.519094067302 -0.487294913475-0.498988568514 0.0850000008941-0.4007248878479004, -9.504363059997559, -0.35193219780921936, -0.8462688326835632, 0.614180326461792, 0.08772816509008408
1479751770.78 -3.138271958026573, 4.085047030838463, 0.5138977452744945, 0.9628537747351887, 1.8567030482556068, 0.5392846279712974 0.257743050442 -0.235976806738 0.219082634578 -0.49406151931 0.519093224778 -0.487294672377-0.4989883179 0.0850000008941-0.319583535194397, -9.535208702087402, -0.41402435302734375, -0.8584536910057068, 0.5761549472808838, 0.11619670689105988
1479751770.81 -3.138271958026573, 4.085047030838463, 0.5138977452744945, 0.9628587015832054, 1.8567030482556068, 0.5392821312577755 0.257744147695 -0.235976529309 0.219082130681 -0.494062501605 0.519093280351 -0.487295920315-0.498986068791 0.0850000008941-0.44957736134529114, -9.625717163085938, -0.3720301389694214, -0.8385353088378906, 0.6121360063552856, 0.11481605470180511
1479751770.84 -3.138271958026573, 4.085047030838463, 0.5138957479036769, 0.9628587015832054, 1.8567030482556068, 0.5392821312577755 0.257743592608 -0.235976527465 0.219082267837 -0.494062958395 0.5190928157 -0.48729545714-0.498986552205 0.0850000008941-0.3698650300502777, -9.424567222595215, -0.35026052594184875, -0.844180166721344, 0.5805615782737732, 0.11028897762298584
1479751770.88 -3.138271958026573, 4.085047030838463, 0.5138957479036769, 0.9628612315862409, 1.8567030482556068, 0.5392821312577755 0.257744165417 -0.23597638411 0.219082009971 -0.494063830911 0.519092490744 -0.487295765656-0.498985725058 0.0850000008941-0.3941025137901306, -9.63844108581543, -0.3876320719718933, -0.8701615333557129, 0.6081607341766357, 0.10045870393514633
1479751770.91 -3.138271958026573, 4.085047030838463, 0.5138937505328594, 0.9628636950102493, 1.8567030482556068, 0.5392796678337671 0.257744060172 -0.235976246071 0.21908191953 -0.494064568113 0.519092242339 -0.487296096849-0.498984930107 0.0850000008941-0.4010445177555084, -9.464664459228516, -0.2935005724430084, -0.8400503993034363, 0.6116329431533813, 0.1147877424955368
1479751770.94 -3.138271958026573, 4.085047030838463, 0.5138937505328594, 0.9628661584342576, 1.8567030482556068, 0.5392796678337671 0.257744623446 -0.235976104547 0.219081664013 -0.494065420733 0.519091933674 -0.487296401866-0.498984109125 0.0850000008941-0.43801242113113403, -9.536700248718262, -0.40042731165885925, -0.8537770509719849, 0.5906577706336975, 0.10702210664749146
1479751770.98 -3.138271958026573, 4.085047030838463, 0.5138937505328594, 0.9628661584342576, 1.8567030482556068, 0.5392796678337671 0.257744623446 -0.235976104547 0.219081664013 -0.494065420733 0.519091933674 -0.487296401866-0.498984109125 0.0850000008941-0.3527849018573761, -9.579398155212402, -0.3828042447566986, -0.8916635513305664, 0.6018039584159851, 0.11012785881757736
1479751771.01 -3.138271958026573, 4.085047030838463, 0.5138917198725281, 0.9628686218582659, 1.8567030482556068, 0.5392771711202452 0.257744592345 -0.235975965716 0.219081556919 -0.494066028553 0.519091812895 -0.487296875248-0.498983170647 0.0850000008941-0.45780569314956665, -9.51369857788086, -0.3343287408351898, -0.8455123901367188, 0.6048576235771179, 0.10538692027330399
1479751771.04 -3.138271958026573, 4.085047030838463, 0.5138917198725281, 0.9628710852822743, 1.8567030482556068, 0.5392771711202452 0.257745141248 -0.235975827221 0.21908130589 -0.494066862436 0.51909151297 -0.487297169854-0.498982369286 0.0850000008941-0.40700605511665344, -9.540467262268066, -0.43769699335098267, -0.8589907884597778, 0.594605565071106, 0.1097182035446167
1479751771.08 -3.138271958026573, 4.085047030838463, 0.5138917198725281, 0.9628710852822743, 1.8567030482556068, 0.5392747076962369 0.257745141248 -0.235975827221 0.21908130589 -0.494066254829 0.519092091287 -0.487297753921-0.498981798892 0.0850000008941-0.3544843792915344, -9.588481903076172, -0.42057010531425476, -0.8795169591903687, 0.6012519001960754, 0.10613185912370682
1479751771.11 -3.138271958026573, 4.085047030838463, 0.5138917198725281, 0.9628736152853098, 1.8567030482556068, 0.5392747076962369 0.257745705792 -0.235975684409 0.21908104641 -0.494067124208 0.519091771426 -0.487298050309-0.49898098138 0.0850000008941-0.46287617087364197, -9.548501968383789, -0.40603768825531006, -0.8446098566055298, 0.5948135852813721, 0.11295992881059647
1479751771.14 -3.138271958026573, 4.085047030838463, 0.5138917198725281, 0.9628760787093181, 1.8567030482556068, 0.5392747076962369 0.257746254696 -0.235975545911 0.21908079538 -0.494067958092 0.519091471499 -0.487298344913-0.498980180015 0.0850000008941-0.39876675605773926, -9.595176696777344, -0.3857908248901367, -0.8733985424041748, 0.6061127185821533, 0.11555735766887665
1479751771.18 -3.138271958026573, 4.085047030838463, 0.5138897225017106, 0.9628760787093181, 1.8567030482556068, 0.5392722109827149 0.257745681897 -0.235975544008 0.219080936908 -0.494067740358 0.519091647915 -0.487298529357-0.498980031954 0.0850000008941-0.38383346796035767, -9.533720016479492, -0.36639291048049927, -0.8522157669067383, 0.6033409237861633, 0.12556861340999603
1479751771.21 -3.138271958026573, 4.085047030838463, 0.5138897225017106, 0.9628760787093181, 1.8567030482556068, 0.5392722109827149 0.257745681897 -0.235975544008 0.219080936908 -0.494067740358 0.519091647915 -0.487298529357-0.498980031954 0.0850000008941-0.43098318576812744, -9.61743450164795, -0.4298778772354126, -0.8667460680007935, 0.6165518760681152, 0.11576738953590393
1479751771.24 -3.138271958026573, 4.085047030838463, 0.5138897225017106, 0.9628785421333265, 1.8567030482556068, 0.5392722109827149 0.257746223594 -0.235975407073 0.219080688282 -0.494068565916 0.519091350727 -0.487298818285-0.498979241525 0.0850000008941-0.38373804092407227, -9.517976760864258, -0.35759207606315613, -0.8617822527885437, 0.5960025191307068, 0.12195896357297897
1479751771.28 -3.138271958026573, 4.085047030838463, 0.5138897225017106, 0.9628785421333265, 1.8567030482556068, 0.5392722109827149 0.257746223594 -0.235975407073 0.219080688282 -0.494068565916 0.519091350727 -0.487298818285-0.498979241525 0.0850000008941-0.3769872486591339, -9.539748191833496, -0.38396596908569336, -0.8480070233345032, 0.593521773815155, 0.10600169748067856
1479751771.31 -3.138271958026573, 4.085047030838463, 0.5138897225017106, 0.9628810055573348, 1.8567030482556068, 0.5392697475587066 0.257746780213 -0.235975267562 0.219080437014 -0.494068798969 0.519091623573 -0.487299705379-0.498977860591 0.0850000008941-0.3872508108615875, -9.577746391296387, -0.33513352274894714, -0.8522063493728638, 0.6105908751487732, 0.1054360568523407
1479751771.34 -3.138271958026573, 4.085047030838463, 0.5138897225017106, 0.9628810055573348, 1.8567030482556068, 0.5392697475587066 0.257746780213 -0.235975267562 0.219080437014 -0.494068798969 0.519091623573 -0.487299705379-0.498977860591 0.0850000008941-0.4157811403274536, -9.521862983703613, -0.37930768728256226, -0.8607521057128906, 0.5916997194290161, 0.11351842433214188
1479751771.38 -3.138271958026573, 4.085047030838463, 0.5138877251308931, 0.9628810055573348, 1.8567030482556068, 0.5392697475587066 0.257746158689 -0.235975265497 0.21908059058 -0.494069310432 0.519091103321 -0.487299186764-0.498978401859 0.0850000008941-0.3245255947113037, -9.579726219177246, -0.3483993411064148, -0.8559914231300354, 0.5959252715110779, 0.10870867967605591
1479751771.42 -3.138271958026573, 4.085047030838463, 0.5138877251308931, 0.9628835355603703, 1.8567030482556068, 0.5392697475587066 0.257746720905 -0.235975122947 0.219080331043 -0.494070168244 0.519090797011 -0.487299485323-0.49897757957 0.0850000008941-0.39896857738494873, -9.578460693359375, -0.3219124972820282, -0.8539212346076965, 0.6120969653129578, 0.1077984869480133
1479751771.45 -3.138271958026573, 4.085047030838463, 0.5138877251308931, 0.9628835355603703, 1.8567030482556068, 0.5392697475587066 0.257746720905 -0.235975122947 0.219080331043 -0.494070168244 0.519090797011 -0.487299485323-0.49897757957 0.0850000008941-0.39224973320961, -9.520855903625488, -0.36274588108062744, -0.8398398160934448, 0.5990872383117676, 0.11802280694246292
1479751771.48 -3.138271958026573, 4.085047030838463, 0.5138877251308931, 0.9628859989843787, 1.8567030482556068, 0.5392672841346983 0.257747265482 -0.235974986196 0.219080084316 -0.494070378659 0.519091079771 -0.487300374699-0.498976208502 0.0850000008941-0.38009387254714966, -9.602951049804688, -0.37341439723968506, -0.8683348298072815, 0.6154333353042603, 0.11800125241279602
1479751771.51 -3.138271958026573, 4.085047030838463, 0.5138877251308931, 0.9628859989843787, 1.8567030482556068, 0.5392672841346983 0.257747265482 -0.235974986196 0.219080084316 -0.494070378659 0.519091079771 -0.487300374699-0.498976208502 0.0850000008941-0.41007092595100403, -9.51467514038086, -0.3800443708896637, -0.8453383445739746, 0.5872727036476135, 0.11087416112422943
1479751771.54 -3.138271958026573, 4.085047030838463, 0.5138877251308931, 0.962888462408387, 1.8567030482556068, 0.5392672841346983 0.257747827699 -0.235974843643 0.219079824779 -0.494071236473 0.519090773461 -0.487300673256-0.498975386209 0.0850000008941-0.38108643889427185, -9.562548637390137, -0.36430373787879944, -0.8327932953834534, 0.6079384088516235, 0.10225658118724823
1479751771.58 -3.138271958026573, 4.085047030838463, 0.5138877251308931, 0.962888462408387, 1.8567030482556068, 0.5392672841346983 0.257747827699 -0.235974843643 0.219079824779 -0.494071236473 0.519090773461 -0.487300673256-0.498975386209 0.0850000008941-0.3701002299785614, -9.531055450439453, -0.3872665762901306, -0.8578478693962097, 0.6040306091308594, 0.10305744409561157
1479751771.61 -3.138271958026573, 4.085047030838463, 0.5138877251308931, 0.962888462408387, 1.8567030482556068, 0.5392672841346983 0.257747827699 -0.235974843643 0.219079824779 -0.494071236473 0.519090773461 -0.487300673256-0.498975386209 0.0850000008941-0.378291517496109, -9.528066635131836, -0.40251561999320984, -0.8707499504089355, 0.6031802296638489, 0.11723600327968597
1479751771.64 -3.138271958026573, 4.085047030838463, 0.5138877251308931, 0.9628909258323953, 1.8567030482556068, 0.5392672841346983 0.257748369398 -0.2359747067 0.21907957615 -0.494072062033 0.51909047627 -0.487300962179-0.49897459577 0.0850000008941-0.4094955623149872, -9.565086364746094, -0.3542601466178894, -0.8629182577133179, 0.5755296349525452, 0.10773934423923492
1479751771.68 -3.138271958026573, 4.085047030838463, 0.5138877251308931, 0.9628909258323953, 1.8567030482556068, 0.5392672841346983 0.257748369398 -0.2359747067 0.21907957615 -0.494072062033 0.51909047627 -0.487300962179-0.49897459577 0.0850000008941-0.38959798216819763, -9.52668285369873, -0.34994691610336304, -0.8470088243484497, 0.6125442981719971, 0.10529668629169464
1479751771.71 -3.138271958026573, 4.085047030838463, 0.5138877251308931, 0.9628909258323953, 1.8567030482556068, 0.5392672841346983 0.257748369398 -0.2359747067 0.21907957615 -0.494072062033 0.51909047627 -0.487300962179-0.49897459577 0.0850000008941-0.42660215497016907, -9.536419868469238, -0.39005550742149353, -0.8461581468582153, 0.608586847782135, 0.12897807359695435
1479751771.75 -3.138271958026573, 4.085047030838463, 0.5138877251308931, 0.9628934558354308, 1.8567030482556068, 0.5392672841346983 0.257748924959 -0.235974566167 0.219079320865 -0.494072907884 0.519090173148 -0.487301258756-0.498973783932 0.0850000008941-0.39026644825935364, -9.55492877960205, -0.4010756015777588, -0.8751843571662903, 0.6002696752548218, 0.10242081433534622
1479751771.78 -3.138271958026573, 4.085047030838463, 0.5138877251308931, 0.9628934558354308, 1.8567030482556068, 0.5392672841346983 0.257748924959 -0.235974566167 0.219079320865 -0.494072907884 0.519090173148 -0.487301258756-0.498973783932 0.0850000008941-0.370252788066864, -9.521604537963867, -0.40205544233322144, -0.8479124307632446, 0.5948154926300049, 0.12715309858322144
1479751771.81 -3.138271958026573, 4.085047030838463, 0.5138877251308931, 0.9628934558354308, 1.8567030482556068, 0.5392672841346983 0.257748924959 -0.235974566167 0.219079320865 -0.494072907884 0.519090173148 -0.487301258756-0.498973783932 0.0850000008941-0.4413619339466095, -9.57518196105957, -0.38481593132019043, -0.8548378348350525, 0.6026480793952942, 0.1097467765212059
1479751771.85 -3.138271958026573, 4.085047030838463, 0.5138877251308931, 0.9628959192594392, 1.8567030482556068, 0.5392672841346983 0.257749488236 -0.235974424622 0.219079065343 -0.494073760511 0.519089864477 -0.48730156376-0.498972962925 0.0850000008941-0.38685715198516846, -9.512809753417969, -0.3852679133415222, -0.8614563345909119, 0.6046252846717834, 0.11206202954053879
1479751771.88 -3.138271958026573, 4.085047030838463, 0.5138877251308931, 0.9628959192594392, 1.8567030482556068, 0.5392672841346983 0.257749488236 -0.235974424622 0.219079065343 -0.494073760511 0.519089864477 -0.48730156376-0.498972962925 0.0850000008941-0.3903394341468811, -9.629889488220215, -0.3974530100822449, -0.8677225112915039, 0.6054962873458862, 0.11440053582191467
1479751771.91 -3.138271958026573, 4.085047030838463, 0.5138877251308931, 0.9628959192594392, 1.8567030482556068, 0.5392672841346983 0.257749488236 -0.235974424622 0.219079065343 -0.494073760511 0.519089864477 -0.48730156376-0.498972962925 0.0850000008941-0.39745602011680603, -9.545376777648926, -0.35501718521118164, -0.8486202359199524, 0.6073604822158813, 0.0986948162317276
1479751771.95 -3.138271958026573, 4.085047030838463, 0.5138877251308931, 0.9628959192594392, 1.8567030482556068, 0.5392672841346983 0.257749488236 -0.235974424622 0.219079065343 -0.494073760511 0.519089864477 -0.48730156376-0.498972962925 0.0850000008941-0.40589845180511475, -9.551557540893555, -0.39425092935562134, -0.8644797801971436, 0.5839409232139587, 0.11338383704423904
1479751771.98 -3.138271958026573, 4.085047030838463, 0.5138877251308931, 0.9628983826834475, 1.8567030482556068, 0.5392672841346983 0.25775002328 -0.235974289697 0.219078820966 -0.494074574109 0.519089570474 -0.487301850702-0.498972182939 0.0850000008941-0.3709545433521271, -9.578290939331055, -0.3875769376754761, -0.8550479412078857, 0.6109374761581421, 0.11093926429748535
1479751772.01 -3.138271958026573, 4.085047030838463, 0.5138877251308931, 0.9628983826834475, 1.8567030482556068, 0.5392672841346983 0.25775002328 -0.235974289697 0.219078820966 -0.494074574109 0.519089570474 -0.487301850702-0.498972182939 0.0850000008941-0.41064777970314026, -9.533733367919922, -0.3573402166366577, -0.8517294526100159, 0.602503776550293, 0.1147754043340683
1479751772.04 -3.138271958026573, 4.085047030838463, 0.5138857277600755, 0.9628983826834475, 1.8567030482556068, 0.5392672841346983 0.257749450475 -0.235974287794 0.219078962487 -0.494075045479 0.519089091011 -0.487301372736-0.498972681775 0.0850000008941-0.3777943253517151, -9.581246376037598, -0.379005491733551, -0.8770584464073181, 0.5848116874694824, 0.10741119086742401
1479751772.08 -3.138271958026573, 4.085047030838463, 0.5138857277600755, 0.9628983826834475, 1.8567030482556068, 0.5392647874211763 0.257749450475 -0.235974287794 0.219078962487 -0.494074356379 0.519089746907 -0.487302035131-0.49897203487 0.0850000008941-0.35007989406585693, -9.574295043945312, -0.3354528546333313, -0.8582921624183655, 0.6020914316177368, 0.11862736940383911
1479751772.11 -3.138271958026573, 4.085047030838463, 0.5138857277600755, 0.9628983826834475, 1.8567030482556068, 0.5392647874211763 0.257749450475 -0.235974287794 0.219078962487 -0.494074356379 0.519089746907 -0.487302035131-0.49897203487 0.0850000008941-0.4192226529121399, -9.525238990783691, -0.3536306619644165, -0.8405115008354187, 0.5966145396232605, 0.10046026855707169
1479751772.14 -3.138271958026573, 4.085047030838463, 0.5138857277600755, 0.9629008461074559, 1.8567030482556068, 0.5392647874211763 0.257750001711 -0.23597414901 0.219078711506 -0.494075201838 0.519089433423 -0.487302327548-0.498971238253 0.0850000008941-0.3703000545501709, -9.565434455871582, -0.3731182813644409, -0.857634961605072, 0.6066734790802002, 0.11175838857889175
1479751772.18 -3.138271958026573, 4.085047030838463, 0.5138857277600755, 0.9629008461074559, 1.8567030482556068, 0.5392647874211763 0.257750001711 -0.23597414901 0.219078711506 -0.494075201838 0.519089433423 -0.487302327548-0.498971238253 0.0850000008941-0.38766491413116455, -9.542655944824219, -0.3618781864643097, -0.851219654083252, 0.597942590713501, 0.11052502691745758
1479751772.21 -3.138271958026573, 4.085047030838463, 0.5138857277600755, 0.9629008461074559, 1.8567030482556068, 0.5392647874211763 0.257750001711 -0.23597414901 0.219078711506 -0.494075201838 0.519089433423 -0.487302327548-0.498971238253 0.0850000008941-0.37479665875434875, -9.5717134475708, -0.34085771441459656, -0.852443277835846, 0.5996273756027222, 0.10425066947937012
1479751772.24 -3.138271958026573, 4.085047030838463, 0.5138857277600755, 0.9629008461074559, 1.8567030482556068, 0.5392647874211763 0.257750001711 -0.23597414901 0.219078711506 -0.494075201838 0.519089433423 -0.487302327548-0.498971238253 0.0850000008941-0.39610329270362854, -9.542133331298828, -0.35470423102378845, -0.8593583703041077, 0.608420729637146, 0.11602860689163208
