1479775982.64 -3.01689892397843, 4.304374325573029, 1.7344913847801975, 0.07339032805596801, 2.4368690964618973, 1.168733304387345 0.386791127761 -0.276980140516 0.194378451596 0.296554697591 -0.642783022142 0.257797368680.657590917276 0.0850000008941-0.7007788419723511, -14.868891716003418, 2.883181095123291, 1.0877500772476196, 1.0659127235412598, 0.03334382176399231
1479775982.68 -3.01689892397843, 4.304374325573029, 1.7344913847801975, 0.07339032805596801, 2.4368690964618973, 1.168733304387345 0.386791127761 -0.276980140516 0.194378451596 0.296554697591 -0.642783022142 0.257797368680.657590917276 0.0850000008941-0.6910473108291626, -14.934182167053223, 2.8930654525756836, 1.0990759134292603, 1.096303939819336, 0.0344434417784214
1479775982.72 -3.01689892397843, 4.304374325573029, 1.7344913847801975, 0.07339032805596801, 2.4368690964618973, 1.168733304387345 0.386791127761 -0.276980140516 0.194378451596 0.296554697591 -0.642783022142 0.257797368680.657590917276 0.0850000008941-0.7242127060890198, -14.916496276855469, 2.8544907569885254, 1.087037205696106, 1.0951224565505981, 0.03701789677143097
1479775982.74 -3.01689892397843, 4.304374325573029, 1.7344913847801975, 0.07339032805596801, 2.4368690964618973, 1.168733304387345 0.386791127761 -0.276980140516 0.194378451596 0.296554697591 -0.642783022142 0.257797368680.657590917276 0.0850000008941-0.7015851140022278, -14.876920700073242, 2.878018379211426, 1.076744794845581, 1.072718620300293, 0.030966229736804962
1479775982.77 -3.01689892397843, 4.304374325573029, 1.7344913847801975, 0.07339032805596801, 2.4368690964618973, 1.168733304387345 0.386791127761 -0.276980140516 0.194378451596 0.296554697591 -0.642783022142 0.257797368680.657590917276 0.0850000008941-0.7165580987930298, -14.95277214050293, 2.889944314956665, 1.0854295492172241, 1.0758628845214844, 0.01806747354567051
1479775982.81 -3.01689892397843, 4.304374325573029, 1.7344913847801975, 0.07339032805596801, 2.4368690964618973, 1.168733304387345 0.386791127761 -0.276980140516 0.194378451596 0.296554697591 -0.642783022142 0.257797368680.657590917276 0.0850000008941-0.7107279896736145, -14.874900817871094, 2.8722763061523438, 1.0932177305221558, 1.0907618999481201, 0.036672063171863556
1479775982.84 -3.01689892397843, 4.304374325573029, 1.7344913847801975, 0.07339032805596801, 2.4368690964618973, 1.168733304387345 0.386791127761 -0.276980140516 0.194378451596 0.296554697591 -0.642783022142 0.257797368680.657590917276 0.0850000008941-0.6910131573677063, -14.867151260375977, 2.8384017944335938, 1.0975548028945923, 1.1019337177276611, 0.03653094917535782
1479775982.87 -3.01689892397843, 4.304374325573029, 1.7344913847801975, 0.07339032805596801, 2.4368690964618973, 1.168733304387345 0.386791127761 -0.276980140516 0.194378451596 0.296554697591 -0.642783022142 0.257797368680.657590917276 0.0850000008941-0.735604465007782, -14.925456047058105, 2.8537800312042236, 1.1135109663009644, 1.1014833450317383, 0.015621618367731571
1479775982.91 -3.01689892397843, 4.304374325573029, 1.7344913847801975, 0.07339032805596801, 2.4368690964618973, 1.168733304387345 0.386791127761 -0.276980140516 0.194378451596 0.296554697591 -0.642783022142 0.257797368680.657590917276 0.0850000008941-0.7080996036529541, -14.892578125, 2.8565011024475098, 1.0936778783798218, 1.0759155750274658, 0.036026883870363235
1479775982.94 -3.01689892397843, 4.304374325573029, 1.7344913847801975, 0.07339032805596801, 2.4368690964618973, 1.168733304387345 0.386791127761 -0.276980140516 0.194378451596 0.296554697591 -0.642783022142 0.257797368680.657590917276 0.0850000008941-0.7022531032562256, -14.85896110534668, 2.865799903869629, 1.0835150480270386, 1.0991272926330566, 0.028988199308514595
1479775982.97 -3.01689892397843, 4.304374325573029, 1.7344913847801975, 0.07339032805596801, 2.4368690964618973, 1.168733304387345 0.386791127761 -0.276980140516 0.194378451596 0.296554697591 -0.642783022142 0.257797368680.657590917276 0.0850000008941-0.7177932262420654, -14.975628852844238, 2.8895814418792725, 1.0906673669815063, 1.0963044166564941, 0.03573692962527275
1479775983.0 -3.01689892397843, 4.304374325573029, 1.7344913847801975, 0.07339032805596801, 2.4368690964618973, 1.168733304387345 0.386791127761 -0.276980140516 0.194378451596 0.296554697591 -0.642783022142 0.257797368680.657590917276 0.0850000008941-0.6704829931259155, -14.847050666809082, 2.864107370376587, 1.0841642618179321, 1.0906351804733276, 0.015816446393728256
1479775983.04 -3.01689892397843, 4.304374325573029, 1.7344913847801975, 0.07339032805596801, 2.4368690964618973, 1.168733304387345 0.386791127761 -0.276980140516 0.194378451596 0.296554697591 -0.642783022142 0.257797368680.657590917276 0.0850000008941-0.6812791228294373, -14.854146957397461, 2.8408827781677246, 1.0869224071502686, 1.1122541427612305, 0.025794275104999542
1479775983.07 -3.01689892397843, 4.304374325573029, 1.7344913847801975, 0.07339032805596801, 2.4368690964618973, 1.168733304387345 0.386791127761 -0.276980140516 0.194378451596 0.296554697591 -0.642783022142 0.257797368680.657590917276 0.0850000008941-0.7413010001182556, -14.897248268127441, 2.870689630508423, 1.0957051515579224, 1.1006367206573486, 0.03328479453921318
1479775983.1 -3.01689892397843, 4.304374325573029, 1.7344913847801975, 0.07339032805596801, 2.4368690964618973, 1.168733304387345 0.386791127761 -0.276980140516 0.194378451596 0.296554697591 -0.642783022142 0.257797368680.657590917276 0.0850000008941-0.6989631056785583, -14.879782676696777, 2.8774945735931396, 1.0801026821136475, 1.0812175273895264, 0.018962768837809563
1479775983.14 -3.01689892397843, 4.304374325573029, 1.7344913847801975, 0.07339032805596801, 2.4368690964618973, 1.168733304387345 0.386791127761 -0.276980140516 0.194378451596 0.296554697591 -0.642783022142 0.257797368680.657590917276 0.0850000008941-0.675268292427063, -14.930809020996094, 2.8755545616149902, 1.0689977407455444, 1.0858794450759888, 0.03248174488544464
1479775983.17 -3.01689892397843, 4.304374325573029, 1.7344913847801975, 0.07339032805596801, 2.4368690964618973, 1.168733304387345 0.386791127761 -0.276980140516 0.194378451596 0.296554697591 -0.642783022142 0.257797368680.657590917276 0.0850000008941-0.7046238780021667, -14.934828758239746, 2.895850896835327, 1.085684895515442, 1.0897809267044067, 0.019439322873950005
1479775983.21 -3.01689892397843, 4.304374325573029, 1.7344913847801975, 0.07339032805596801, 2.4368690964618973, 1.168733304387345 0.386791127761 -0.276980140516 0.194378451596 0.296554697591 -0.642783022142 0.257797368680.657590917276 0.0850000008941-0.693035364151001, -14.883082389831543, 2.869683265686035, 1.0876197814941406, 1.0894148349761963, 0.019727632403373718
1479775983.24 -3.01689892397843, 4.304374325573029, 1.7344913847801975, 0.07339032805596801, 2.4368690964618973, 1.168733304387345 0.386791127761 -0.276980140516 0.194378451596 0.296554697591 -0.642783022142 0.257797368680.657590917276 0.0850000008941-0.7082565426826477, -14.888384819030762, 2.8489389419555664, 1.0970771312713623, 1.0845317840576172, 0.040713127702474594
1479775983.27 -3.01689892397843, 4.304374325573029, 1.7344913847801975, 0.07339032805596801, 2.4368690964618973, 1.168733304387345 0.386791127761 -0.276980140516 0.194378451596 0.296554697591 -0.642783022142 0.257797368680.657590917276 0.0850000008941-0.6876081228256226, -14.919412612915039, 2.8763506412506104, 1.108216404914856, 1.0907480716705322, 0.02177472412586212
1479775983.31 -3.01689892397843, 4.304374325573029, 1.7344913847801975, 0.07339032805596801, 2.4368690964618973, 1.168733304387345 0.386791127761 -0.276980140516 0.194378451596 0.296554697591 -0.642783022142 0.257797368680.657590917276 0.0850000008941-0.7154328227043152, -14.881131172180176, 2.8557395935058594, 1.0809245109558105, 1.087999939918518, 0.030597172677516937
1479775983.34 -3.01689892397843, 4.304374325573029, 1.7344913847801975, 0.07339032805596801, 2.4368690964618973, 1.168733304387345 0.386791127761 -0.276980140516 0.194378451596 0.296554697591 -0.642783022142 0.257797368680.657590917276 0.0850000008941-0.7099848985671997, -14.93973445892334, 2.8925395011901855, 1.0712977647781372, 1.083895206451416, 0.03488226979970932
1479775983.37 -3.01689892397843, 4.304374325573029, 1.7344913847801975, 0.07339032805596801, 2.4368690964618973, 1.168733304387345 0.386791127761 -0.276980140516 0.194378451596 0.296554697591 -0.642783022142 0.257797368680.657590917276 0.0850000008941-0.6858019232749939, -14.94588851928711, 2.8518917560577393, 1.073135495185852, 1.0934659242630005, 0.02530815079808235
1479775983.4 -3.01689892397843, 4.304374325573029, 1.7344913847801975, 0.07339032805596801, 2.4368690964618973, 1.168733304387345 0.386791127761 -0.276980140516 0.194378451596 0.296554697591 -0.642783022142 0.257797368680.657590917276 0.0850000008941-0.6948958039283752, -14.880095481872559, 2.8296427726745605, 1.1014156341552734, 1.0971349477767944, 0.034321852028369904
1479775983.44 -3.01689892397843, 4.304374325573029, 1.7344913847801975, 0.07339032805596801, 2.4368690964618973, 1.168733304387345 0.386791127761 -0.276980140516 0.194378451596 0.296554697591 -0.642783022142 0.257797368680.657590917276 0.0850000008941-0.7328555583953857, -14.897722244262695, 2.8632123470306396, 1.1024880409240723, 1.0912128686904907, 0.05337080359458923
1479775983.47 -3.01689892397843, 4.304374325573029, 1.7344913847801975, 0.07339032805596801, 2.4368690964618973, 1.168733304387345 0.386791127761 -0.276980140516 0.194378451596 0.296554697591 -0.642783022142 0.257797368680.657590917276 0.0850000008941-0.6740667223930359, -14.908899307250977, 2.8557047843933105, 1.0978113412857056, 1.0990198850631714, 0.02530437335371971
1479775983.51 -3.01689892397843, 4.304374325573029, 1.7344913847801975, 0.07339032805596801, 2.4368690964618973, 1.168733304387345 0.386791127761 -0.276980140516 0.194378451596 0.296554697591 -0.642783022142 0.257797368680.657590917276 0.0850000008941-0.6940925121307373, -14.839590072631836, 2.835895299911499, 1.1065415143966675, 1.0933362245559692, 0.027906103059649467
1479775983.54 -3.01689892397843, 4.304374325573029, 1.7344913847801975, 0.07339032805596801, 2.4368690964618973, 1.168733304387345 0.386791127761 -0.276980140516 0.194378451596 0.296554697591 -0.642783022142 0.257797368680.657590917276 0.0850000008941-0.7080498933792114, -14.934191703796387, 2.873476982116699, 1.0888205766677856, 1.090446949005127, 0.026548953726887703
1479775983.58 -3.01689892397843, 4.304374325573029, 1.7344913847801975, 0.07339032805596801, 2.4368690964618973, 1.168733304387345 0.386791127761 -0.276980140516 0.194378451596 0.296554697591 -0.642783022142 0.257797368680.657590917276 0.0850000008941-0.7031369805335999, -14.889406204223633, 2.8721096515655518, 1.090499758720398, 1.1021910905838013, 0.01708385720849037
1479775983.61 -3.01689892397843, 4.304374325573029, 1.7344913847801975, 0.07339032805596801, 2.4368690964618973, 1.168733304387345 0.386791127761 -0.276980140516 0.194378451596 0.296554697591 -0.642783022142 0.257797368680.657590917276 0.0850000008941-0.6781567335128784, -14.898691177368164, 2.872617483139038, 1.0988095998764038, 1.0858333110809326, 0.024184422567486763
1479775983.66 -3.01689892397843, 4.304374325573029, 1.7344913847801975, 0.07339032805596801, 2.4368690964618973, 1.168733304387345 0.386791127761 -0.276980140516 0.194378451596 0.296554697591 -0.642783022142 0.257797368680.657590917276 0.0850000008941-0.6992055773735046, -14.97502613067627, 2.8497374057769775, 1.0808215141296387, 1.0819203853607178, 0.02709968015551567
1479775983.67 -3.01689892397843, 4.304374325573029, 1.7344913847801975, 0.07339032805596801, 2.4368690964618973, 1.168733304387345 0.386791127761 -0.276980140516 0.194378451596 0.296554697591 -0.642783022142 0.257797368680.657590917276 0.0850000008941-0.7221444845199585, -14.865264892578125, 2.880171537399292, 1.0925681591033936, 1.0847381353378296, 0.014167994260787964
1479775983.71 -3.01689892397843, 4.304374325573029, 1.7344913847801975, 0.07339032805596801, 2.4368690964618973, 1.168733304387345 0.386791127761 -0.276980140516 0.194378451596 0.296554697591 -0.642783022142 0.257797368680.657590917276 0.0850000008941-0.7001907825469971, -14.893320083618164, 2.8647360801696777, 1.069700002670288, 1.0869920253753662, 0.0276225283741951
1479775983.74 -3.01689892397843, 4.304374325573029, 1.7344913847801975, 0.07339032805596801, 2.4368690964618973, 1.168733304387345 0.386791127761 -0.276980140516 0.194378451596 0.296554697591 -0.642783022142 0.257797368680.657590917276 0.0850000008941-0.6807907819747925, -14.995391845703125, 2.861109972000122, 1.0883845090866089, 1.0901644229888916, 0.02491333894431591
1479775983.78 -3.01689892397843, 4.304374325573029, 1.7344913847801975, 0.07339032805596801, 2.4368690964618973, 1.168733304387345 0.386791127761 -0.276980140516 0.194378451596 0.296554697591 -0.642783022142 0.257797368680.657590917276 0.0850000008941-0.6993722915649414, -14.865535736083984, 2.871779203414917, 1.0823264122009277, 1.0886075496673584, 0.03493335098028183
1479775983.81 -3.01689892397843, 4.304374325573029, 1.7344913847801975, 0.07339032805596801, 2.4368690964618973, 1.168733304387345 0.386791127761 -0.276980140516 0.194378451596 0.296554697591 -0.642783022142 0.257797368680.657590917276 0.0850000008941-0.7257928252220154, -14.902153968811035, 2.882052183151245, 1.080521583557129, 1.0921721458435059, 0.018198257312178612
1479775983.84 -3.01689892397843, 4.304374325573029, 1.7344913847801975, 0.07339032805596801, 2.4368690964618973, 1.168733304387345 0.386791127761 -0.276980140516 0.194378451596 0.296554697591 -0.642783022142 0.257797368680.657590917276 0.0850000008941-0.7178990244865417, -14.940576553344727, 2.878056049346924, 1.1099510192871094, 1.0992724895477295, 0.016973033547401428
1479775983.87 -3.01689892397843, 4.304374325573029, 1.7344913847801975, 0.07339032805596801, 2.4368690964618973, 1.168733304387345 0.386791127761 -0.276980140516 0.194378451596 0.296554697591 -0.642783022142 0.257797368680.657590917276 0.0850000008941-0.7103845477104187, -14.87433910369873, 2.859384059906006, 1.0871673822402954, 1.0892343521118164, 0.03726920485496521
1479775983.9 -3.01689892397843, 4.304374325573029, 1.7344913847801975, 0.07339032805596801, 2.4368690964618973, 1.168733304387345 0.386791127761 -0.276980140516 0.194378451596 0.296554697591 -0.642783022142 0.257797368680.657590917276 0.0850000008941-0.7210330367088318, -14.90414810180664, 2.8486409187316895, 1.1074244976043701, 1.0813857316970825, 0.03365812450647354
1479775983.94 -3.01689892397843, 4.304374325573029, 1.7344913847801975, 0.07339032805596801, 2.4368690964618973, 1.168733304387345 0.386791127761 -0.276980140516 0.194378451596 0.296554697591 -0.642783022142 0.257797368680.657590917276 0.0850000008941-0.7250851988792419, -14.944536209106445, 2.9290618896484375, 1.0740420818328857, 1.0855563879013062, 0.024017460644245148
1479775983.98 -3.01689892397843, 4.304374325573029, 1.7344913847801975, 0.07339032805596801, 2.4368690964618973, 1.168733304387345 0.386791127761 -0.276980140516 0.194378451596 0.296554697591 -0.642783022142 0.257797368680.657590917276 0.0850000008941-0.6431335806846619, -14.873541831970215, 2.8865268230438232, 1.1023941040039062, 1.0770305395126343, 0.029275160282850266
1479775984.01 -3.01689892397843, 4.304374325573029, 1.7344913847801975, 0.07339032805596801, 2.4368690964618973, 1.168733304387345 0.386791127761 -0.276980140516 0.194378451596 0.296554697591 -0.642783022142 0.257797368680.657590917276 0.0850000008941-0.6914139986038208, -14.892675399780273, 2.8255655765533447, 1.1011440753936768, 1.088024377822876, 0.028257494792342186
1479775984.04 -3.01689892397843, 4.304374325573029, 1.7344913847801975, 0.07339032805596801, 2.4368690964618973, 1.168733304387345 0.386791127761 -0.276980140516 0.194378451596 0.296554697591 -0.642783022142 0.257797368680.657590917276 0.0850000008941-0.7448278665542603, -14.926952362060547, 2.8698184490203857, 1.1013758182525635, 1.0809541940689087, 0.027499141171574593
1479775984.07 -3.01689892397843, 4.304374325573029, 1.7344913847801975, 0.07339032805596801, 2.4368690964618973, 1.168733304387345 0.386791127761 -0.276980140516 0.194378451596 0.296554697591 -0.642783022142 0.257797368680.657590917276 0.0850000008941-0.6814777255058289, -14.893694877624512, 2.8651621341705322, 1.0912226438522339, 1.0861711502075195, 0.0360565148293972
1479775984.11 -3.01689892397843, 4.304374325573029, 1.7344913847801975, 0.07339032805596801, 2.4368690964618973, 1.168733304387345 0.386791127761 -0.276980140516 0.194378451596 0.296554697591 -0.642783022142 0.257797368680.657590917276 0.0850000008941-0.6940779089927673, -14.932063102722168, 2.893127202987671, 1.0914877653121948, 1.0992661714553833, 0.021953601390123367
1479775984.15 -3.016929017698748, 4.3043604771353605, 1.7344552989474271, 0.0733977849070202, 2.4368640364558263, 1.168688696439086 0.386792930929 -0.27696819214 0.19438286985 0.296553621268 -0.642778617744 0.2578207799340.657586529453 0.0850000008941-0.7355285882949829, -14.933490753173828, 2.8908586502075195, 1.078538417816162, 1.0827733278274536, 0.03678874671459198
1479775984.18 -3.017819312451161, 4.303377238060904, 1.7333182623200176, 0.0734723534175421, 2.436628613015463, 1.1674292875595875 0.38684386107 -0.276595444078 0.19471886734 0.296428799379 -0.642858913704 0.2585166196780.657291062863 0.0850000008941-1.2125459909439087, -15.769004821777344, 2.872429609298706, 1.0822266340255737, 1.0977649688720703, 0.030239198356866837
1479775984.21 -3.0205423946657675, 4.30050848093467, 1.7301079547839817, 0.07417329741645062, 2.4349031509452006, 1.1633734263774513 0.387080297434 -0.275465079628 0.195601217523 0.295837413032 -0.643454086766 0.2608768175240.656041423504 0.0850000008941-2.7672243118286133, -16.9442195892334, 2.989475727081299, 1.2068915367126465, 1.120623230934143, 0.0648232102394104
1479775984.24 -3.0275425135910408, 4.292700625250776, 1.7222476348266127, 0.079630647122241, 2.4268755844713747, 1.1537691353802442 0.38827155089 -0.272817551965 0.197960370487 0.294212862748 -0.645687037725 0.2681646041470.651624727731 0.0850000008941-3.6102635860443115, -16.299116134643555, 2.9424216747283936, 1.4628340005874634, 1.194994330406189, -0.0012559844180941582
1479775984.27 -3.036032404830104, 4.283556395331879, 1.7134727853509106, 0.08957702116146926, 2.416653839575433, 1.1435054456971332 0.390433620686 -0.269979540384 0.201050839081 0.29290084795 -0.647776917732 0.2779719741360.646007538437 0.0850000008941-2.9751036167144775, -17.093780517578125, 3.2830970287323, 1.3276132345199585, 0.9259275197982788, -0.1650218814611435
1479775984.31 -3.0462248549540556, 4.271790815952018, 1.70148163622672, 0.10253063670361495, 2.403085566453697, 1.1289378213763452 0.392805777516 -0.266562805246 0.204923881011 0.290642086976 -0.650656290659 0.2905607243130.638551512558 0.0850000008941-2.184204339981079, -16.549884796142578, 3.279325008392334, 1.5315574407577515, 1.3820990324020386, -0.07575970888137817
1479775984.34 -3.0613382941402554, 4.252450673799754, 1.6821173924665902, 0.1190784544529313, 2.3864975349719204, 1.1127291571918505 0.395634293564 -0.261306428481 0.211543184743 0.289367408459 -0.653444592378 0.3063992703340.628805339316 0.0850000008941-0.10970859974622726, -17.262657165527344, 3.892956495285034, 1.3937370777130127, 0.9938461184501648, -0.2308044582605362
1479775984.37 -3.072176294512442, 4.2366967443713905, 1.6646080404057009, 0.14571219588259599, 2.3588794892033627, 1.0846674953647129 0.398854739841 -0.258256011105 0.216216426025 0.282564472905 -0.659891615021 0.3273958984450.614420296506 0.08500000089410.5665794610977173, -15.21242618560791, 3.0567402839660645, 1.3785778284072876, 1.40720796585083, 0.12091749161481857
1479775984.41 -3.085472925202989, 4.2156537770181295, 1.6398939054897654, 0.16971366889082606, 2.334923556249773, 1.0601634838587848 0.400861700561 -0.253962152833 0.222868109999 0.27855348051 -0.664024153803 0.3463970910950.601239500484 0.0850000008941-0.38365438580513, -13.817434310913086, 3.567148447036743, 0.9087350368499756, 1.1448081731796265, -0.09750665724277496
1479775984.44 -3.091708983211519, 4.2055193838059415, 1.627124713853108, 0.19593728351261763, 2.3089295061139454, 1.0339562476776964 0.403774998801 -0.252703709173 0.225509628015 0.271543285444 -0.669837643135 0.3642100358240.587309820942 0.0850000008941-0.4275556206703186, -13.022772789001465, 2.4531896114349365, 0.8907256722450256, 0.8042362928390503, 0.29121723771095276
1479775984.47 -3.103196794889685, 4.186087362596069, 1.6004635418642157, 0.23127103959135287, 2.2733659192331364, 0.9983579731236891 0.406447756973 -0.249532114318 0.230716305718 0.263952804201 -0.676262217107 0.3877568378820.568016694776 0.08500000089410.0003312285989522934, -13.709296226501465, 2.665393352508545, 1.2615101337432861, 0.7622718811035156, 0.3239385783672333
1479775984.51 -3.1103473824165473, 4.172269551280193, 1.5806140701534737, 0.2584278258591093, 2.2458695799263952, 0.970921088888284 0.408209550205 -0.24769378544 0.234150178065 0.257840560779 -0.681245972472 0.4046366527920.552893614926 0.0850000008941-0.05529039725661278, -13.859155654907227, 3.7511141300201416, 0.9820878505706787, 0.8170387744903564, 0.19058948755264282
1479775984.54 -3.118676951357988, 4.155881523196282, 1.5532731262963386, 0.2947394946901216, 2.210162182346722, 0.9345369820756214 0.410065888366 -0.245657903004 0.237840157415 0.250480884293 -0.686744938746 0.4256085954610.533383576031 0.08500000089410.7127219438552856, -14.664106369018555, 2.5790534019470215, 0.9315814971923828, 1.2339950799942017, -0.08310398459434509
1479775984.57 -3.1236599920736356, 4.144620346526882, 1.5324269665476344, 0.322771928324296, 2.1830401503311916, 0.9066885728727718 0.411218469456 -0.244603005888 0.240077455997 0.244992063873 -0.690620172623 0.4405674430360.518577857166 0.0850000008941-0.12000834196805954, -13.196462631225586, 2.79384183883667, 0.8791794180870056, 0.8592907786369324, -0.01254353765398264
1479775984.6 -3.1276041336480427, 4.134431358512347, 1.5114324687262128, 0.3507138144814075, 2.157373402693335, 0.8802234761191366 0.412117862071 -0.24393394723 0.241981937698 0.240376358993 -0.693612851265 0.4543367745960.504676642859 0.0850000008941-0.09546742588281631, -13.028282165527344, 4.75773811340332, 1.2099990844726562, 1.3149819374084473, -0.2851707637310028
1479775984.64 -3.130429481248508, 4.1249411839678505, 1.4912702087454408, 0.37786633969141903, 2.133650230019018, 0.8539493280156601 0.412874915876 -0.243654088842 0.243778347802 -0.23583667439 0.696224581351 -0.46723729222-0.491265415121 0.08500000089410.02194766327738762, -13.250747680664062, 2.8664979934692383, 0.8755804896354675, 0.852771520614624, -0.03336066007614136
1479775984.67 -3.1325629395977703, 4.114460579813953, 1.4632955657069215, 0.41494393365193805, 2.102383120924834, 0.8207385107998816 0.413388457821 -0.243870063815 0.245187948582 -0.231253702964 0.698600564459 -0.482806373621-0.474738856419 0.08500000089410.4277314245700836, -12.526800155639648, 2.0059726238250732, 0.30449238419532776, 1.231306552886963, 0.3675215244293213
1479775984.7 -3.133282792040419, 4.107794687605484, 1.4429247802127965, 0.4436304396498354, 2.0806631780224745, 0.7968915011348761 0.413976181301 -0.244379959685 0.246056476489 -0.22880655788 0.699482387805 -0.4939929276-0.462971851956 0.0850000008941-0.5826082825660706, -13.006088256835938, 3.050586462020874, 0.22385253012180328, 1.265478253364563, -0.17154324054718018
1479775984.74 -3.1335435155111377, 4.102440934866098, 1.4218459933428738, 0.470712657407069, 2.059089575822015, 0.7747451195629679 0.413900912441 -0.244887943316 0.246048554479 -0.227276091203 0.700129969199 -0.503424559579-0.452468029157 0.0850000008941-1.135412335395813, -13.39833927154541, 2.741840362548828, 0.5872803330421448, 1.3641706705093384, -0.14232325553894043
1479775984.77 -3.133848447455952, 4.097162283269451, 1.393889459799767, 0.5071393747971733, 2.0333037848834317, 0.7462297882441351 0.413981559004 -0.245521369458 0.245634892036 -0.227002430372 0.69955395487 -0.515525535705-0.439690326102 0.0850000008941-0.5752569437026978, -12.086071014404297, 2.3317856788635254, 0.4054718613624573, 1.087153434753418, 0.040900371968746185
1479775984.81 -3.134099050914528, 4.0945835443859275, 1.373737186673083, 0.5340436933935901, 2.014940623377063, 0.7258486164217588 0.414178764257 -0.245867110144 0.244800791442 -0.227696256836 0.698772626916 -0.523863658665-0.430625240348 0.0850000008941-0.8297619819641113, -12.735358238220215, 3.6295814514160156, 0.666326642036438, 0.9477004408836365, -0.19443146884441376
1479775984.84 -3.134229279491833, 4.0928945676226, 1.352734699368391, 0.5624468390515025, 1.9968550964143348, 0.7058170510714825 0.414452132082 -0.246199224861 0.243604716654 -0.229608193329 0.697323369435 -0.53203123356-0.421856566279 0.0850000008941-1.0031129121780396, -12.61832332611084, 2.327714681625366, 0.631775975227356, 1.200640082359314, -0.002545364201068878
1479775984.88 -3.134321691181659, 4.091835961089293, 1.3244793591509774, 0.5999196461177903, 1.9748997300716125, 0.6817418750800844 0.414683894837 -0.246515172666 0.241610354656 -0.234148915957 0.69437351274 -0.54178596382-0.411688813752 0.0850000008941-0.7548004388809204, -13.840060234069824, 3.979417085647583, 0.5785204768180847, 1.2939214706420898, -0.040336307138204575
1479775984.9 -3.1343475238442324, 4.09146631432999, 1.3040783467784798, 0.626676958222034, 1.9601957519030127, 0.6660810231318189 0.41479616946 -0.246633799773 0.24002373918 -0.23854070954 0.691807673335 -0.548086321889-0.405094873782 0.0850000008941-0.7317264080047607, -13.68701457977295, 3.523057699203491, 0.29205435514450073, 1.0438765287399292, 0.06097864359617233
1479775984.94 -3.1343717586101523, 4.09129746991688, 1.2825364361949925, 0.6558790522069708, 1.9456530281384168, 0.6494954550740507 0.415161141971 -0.246659165389 0.238364234515 -0.243895720392 0.688685340542 -0.554789030399-0.398040840927 0.0850000008941-0.6787052750587463, -14.149563789367676, 3.494662046432495, 0.4174322485923767, 1.1700851917266846, -0.09764295816421509
1479775984.97 -3.1343797480934223, 4.091207188755925, 1.2545838973935206, 0.6929353408787691, 1.928281494663939, 0.6304579811796738 0.4154643233 -0.246499597637 0.236118520289 -0.252148700837 0.684205833203 -0.562381374287-0.389885368196 0.0850000008941-1.0665456056594849, -13.129369735717773, 3.2429494857788086, 0.30391836166381836, 0.9645643830299377, 0.18173296749591827
1479775985.01 -3.1343858733639296, 4.091188280312186, 1.2350533392233156, 0.7204958623677813, 1.9168625256999519, 0.6171349851943344 0.416087077238 -0.246250860826 0.234622677122 -0.258739400642 0.680642650384 -0.567876294964-0.383791634421 0.0850000008941-0.9334123134613037, -13.45458984375, 4.292649269104004, 0.349125474691391, 0.953242838382721, 0.17337799072265625
1479775985.04 -3.134399721801598, 4.091179758196698, 1.2134472464575572, 0.7490705155998958, 1.9061302528230415, 0.6053391123570737 0.416386139323 -0.245855939249 0.232989129191 -0.267049896934 0.676176307473 -0.572839253774-0.378583072912 0.0850000008941-0.77777498960495, -13.592082977294922, 2.8398098945617676, 0.3806592524051666, 1.2764991521835327, 0.22763463854789734
1479775985.07 -3.13440185233047, 4.091164578178484, 1.1864410619494452, 0.7852660706073804, 1.893850949668904, 0.5903674864989207 0.416886391403 -0.245157350017 0.230950959416 -0.27796659638 0.67032655915 -0.578873385722-0.371890412215 0.0850000008941-0.9206505417823792, -12.97931957244873, 3.3126842975616455, 0.5636225938796997, 0.9200738668441772, -0.094718337059021
1479775985.11 -3.134403716543233, 4.091147533947508, 1.1656211343374783, 0.812837244740753, 1.8854838301560932, 0.5812962271938928 0.417211836117 -0.244465688769 0.229375839339 -0.287497076022 0.665288053721 -0.582778978662-0.367567543297 0.0850000008941-1.0197644233703613, -13.060357093811035, 2.5537772178649902, -0.23671044409275055, 1.1239309310913086, -0.07239630073308945
1479775985.14 -3.1344098418137403, 4.091130489716531, 1.1454086737701583, 0.8392877606874194, 1.8786140729661793, 0.5721382154163556 0.417489758953 -0.243672800849 0.227896709643 -0.296895076043 0.66015849814 -0.586475417234-0.363442782477 0.0850000008941-0.7305473685264587, -13.130531311035156, 1.7893574237823486, -0.011646997183561325, 1.0674062967300415, 0.03031453862786293
1479775985.17 -3.134425820780281, 4.0910844170296725, 1.1171713098901026, 0.8723152192621466, 1.8712460383363114, 0.5621199360276955 0.416994506409 -0.242484994331 0.225809198363 -0.310362325002 0.652706970447 -0.590148669281-0.359685120758 0.0850000008941-0.7163745760917664, -12.962991714477539, 2.557708740234375, -0.07029437273740768, 1.1794931888580322, 0.21285971999168396
1479775985.2 -3.134435940792423, 4.091045268561649, 1.0972536612554546, 0.8935235689191012, 1.8664041451584383, 0.5564426092158646 0.416102093694 -0.241594301565 0.224194247283 -0.31987001809 0.647617991769 -0.591756063163-0.357909024717 0.0850000008941-0.6010618805885315, -12.736797332763672, 2.5299367904663086, -0.06859929859638214, 0.9863589406013489, 0.17123372852802277
1479775985.25 -3.1344479250173283, 4.091016240105767, 1.0757879836581707, 0.9119590352490663, 1.8622516112287324, 0.551323148073378 0.41407922225 -0.24073316038 0.222385816478 -0.329383768614 0.642525733283 -0.592299275339-0.357559202757 0.0850000008941-0.7143487334251404, -12.577821731567383, 1.367401361465454, -0.0692143365740776, 1.044450283050537, 0.15800783038139343
1479775985.27 -3.1344519197589635, 4.090990673759302, 1.0481542252391813, 0.9322363437889294, 1.8590237268295018, 0.5455615987920733 0.410714186936 -0.239712408805 0.220225094917 -0.341279868858 0.635789497483 -0.592254280038-0.358517271244 0.0850000008941-0.7538707852363586, -12.60624885559082, 1.4460734128952026, 0.2253638654947281, 1.1596494913101196, 0.09840609133243561
1479775985.31 -3.134458045029471, 4.090937943169719, 1.0278936946141857, 0.945001407525897, 1.8579279691989887, 0.5426535267502477 0.407791511836 -0.239024815928 0.218784031801 -0.350018918179 0.630592221465 -0.591637767577-0.360284552986 0.0850000008941-0.6969472169876099, -12.4305419921875, 1.677581548690796, -0.37353232502937317, 0.8695912957191467, 0.11295681446790695
1479775985.34 -3.134497992445822, 4.090764038750536, 0.9998930191760108, 0.9541989006665945, 1.8573181053093606, 0.5404123768244051 0.40171586898 -0.238465055008 0.216860605759 -0.360251497605 0.624423021664 -0.588764896847-0.365609962569 0.0850000008941-0.5265375375747681, -12.321563720703125, 0.8895373940467834, -0.5389367341995239, 0.8646194338798523, 0.058250367641448975
1479775985.38 -3.1345179661539975, 4.090574687997032, 0.9788564434093658, 0.9559043890286816, 1.8570601781577865, 0.5399388667825891 0.395855663601 -0.238319391289 0.215501278861 -0.366732595475 0.620478604559 -0.585299546591-0.371399980427 0.0850000008941-0.15991999208927155, -12.570584297180176, 1.6949067115783691, -0.16277028620243073, 0.9781662821769714, 0.07973664253950119
1479775985.41 -3.1345200966828695, 4.090329410860635, 0.9589908595740287, 0.956695880504653, 1.8569933328144255, 0.5396165577116622 0.390110707798 -0.238233497341 0.214371629419 -0.37261522283 0.616782135438 -0.581829185114-0.377110716461 0.0850000008941-1.1194756031036377, -12.361611366271973, 1.3333154916763306, -0.18767213821411133, 0.9711980223655701, 0.1110616996884346
1479775985.44 -3.134522227211742, 4.090205041237729, 0.9380986271384661, 0.9573105380842435, 1.856933811164062, 0.5392868250791968 0.383983438843 -0.238154684473 0.21325096511 -0.378743448774 0.612846930327 -0.578050071128-0.383184231497 0.0850000008941-1.1466017961502075, -11.993300437927246, 0.9603734612464905, -0.3164132833480835, 0.8834654688835144, 0.09549710154533386
1479775985.47 -3.134530216695012, 4.090087329517547, 0.9103887688913279, 0.9582032296816383, 1.8568768195167344, 0.5391455110938544 0.37584091125 -0.238043812491 0.211940309657 -0.386946558068 0.607444475638 -0.572891740102-0.39125263493 0.0850000008941-0.31930074095726013, -12.361639022827148, 1.6565839052200317, -0.2303621768951416, 1.0081361532211304, 0.1080160140991211
1479775985.5 -3.134530216695012, 4.089845248174459, 0.8902464826187316, 0.9586666197113116, 1.8568644358176656, 0.5391009031455956 0.369866246353 -0.237975594634 0.211189630527 -0.392784255439 0.603492399835 -0.569060708201-0.397098680938 0.0850000008941-0.810044527053833, -11.887239456176758, 0.5701764225959778, -0.44839712977409363, 0.8495470881462097, 0.10772477090358734
1479775985.54 -3.134530216695012, 4.089577600484906, 0.8689371991564626, 0.9592344056557165, 1.856842065264509, 0.5390835260194828 0.363547306237 -0.237898960719 0.210522734782 -0.398948160498 0.599235948829 -0.564951712847-0.403219797403 0.0850000008941-1.0445640087127686, -11.80152416229248, 0.8427168726921082, -0.47293558716773987, 0.9130270481109619, 0.10311241447925568
1479775985.58 -3.1345342114366472, 4.089465215086904, 0.8407580253462252, 0.9597723641959126, 1.8568222247143877, 0.539071142320414 0.355102883432 -0.237807572569 0.209759616966 -0.407040948493 0.593491752066 -0.559330706448-0.41138104879 0.0850000008941-0.7799184322357178, -11.241050720214844, 0.7434308528900146, -0.3135623037815094, 0.9269712567329407, 0.1076071560382843
1479775985.61 -3.1345342114366472, 4.089436186631023, 0.8208804572859828, 0.960161185715064, 1.8568098410153189, 0.5390637187588754 0.349132434501 -0.237743435309 0.209343696844 -0.412719879814 0.589359906164 -0.555287160578-0.417101152132 0.0850000008941-0.579449474811554, -11.71006965637207, 0.7514560222625732, -0.392961323261261, 1.0048887729644775, 0.1032741516828537
1479775985.64 -3.13453607564941, 4.089391978156928, 0.800637902998345, 0.9604392197328684, 1.8568023841642667, 0.5390587586213451 0.343018005548 -0.237683877176 0.209049755409 -0.418423089253 0.585114636523 -0.55109501702-0.422915195663 0.0850000008941-0.9683746099472046, -11.361967086791992, 0.45604705810546875, -0.6511356830596924, 0.7983307242393494, 0.10674241185188293
1479775985.68 -3.134538206178282, 4.089345905470069, 0.773307012574325, 0.9605553335563961, 1.8567900004651978, 0.5390513017702929 0.334690744996 -0.237617735485 0.208852930103 -0.425976259467 0.579331351155 -0.545297848963-0.430777979771 0.0850000008941-1.0137277841567993, -11.038423538208008, 0.49750539660453796, -0.5424551963806152, 0.8701934814453125, 0.12165994942188263
1479775985.72 -3.134538206178282, 4.089276130649509, 0.7524408791174452, 0.9606203146869943, 1.8567874704621623, 0.5390488383462846 0.328327928023 -0.237569149768 0.208868226212 -0.431674665809 0.574852080982 -0.540806947722-0.436726359618 0.0850000008941-0.5688718557357788, -11.18328857421875, -0.24024847149848938, -0.7179376482963562, 0.7872517108917236, 0.09709590673446655
1479775985.75 -3.134538206178282, 4.0892281937498876, 0.7256052034981255, 0.9606618599999992, 1.8567750867630934, 0.5390413814952323 0.320132876539 -0.237508883157 0.209069310545 -0.438929298762 0.569002832388 -0.534928336452-0.444329294873 0.0850000008941-0.990878164768219, -11.128713607788086, 0.8455803990364075, -0.6722725033760071, 0.8723288774490356, 0.10744772106409073
1479775985.78 -3.1345400703910453, 4.089018602972098, 0.7050759599191407, 0.960711927428493, 1.8567750867630934, 0.5390389180712241 0.313886088571 -0.23746137572 0.209425432306 -0.444389378106 0.564490153008 -0.530409152227-0.450038974998 0.0850000008941-1.03581702709198, -10.504995346069336, 0.00693456782028079, -0.5612927079200745, 0.7887030243873596, 0.10320879518985748
1479775985.81 -3.1345422009199173, 4.088918201799002, 0.6867643971588921, 0.9607460158904457, 1.8567726899181123, 0.539036421357702 0.30831158259 -0.237419446951 0.209822739926 -0.449239888761 0.560399188478 -0.526310364003-0.455119404818 0.0850000008941-0.5648248195648193, -10.975765228271484, 1.0606002807617188, -0.6854591369628906, 0.8547224998474121, 0.09022664278745651
1479775985.84 -3.1345422009199173, 4.088788505853915, 0.6630869642762973, 0.9607982138478111, 1.8567701599150768, 0.5390314945096855 0.301116246561 -0.237365735809 0.210485437536 -0.45545842802 0.555040291493 -0.520946433816-0.461630488875 0.0850000008941-1.0410521030426025, -10.100772857666016, 0.4271004796028137, -0.6598819494247437, 0.7572503089904785, 0.10432898253202438
1479775985.87 -3.13454406513268, 4.088774923732356, 0.6459164328850933, 0.9608280412520198, 1.8567676299120413, 0.5390289977961634 0.295901662606 -0.237326689359 0.211047761152 -0.459947590509 0.551088369699 -0.516991464532-0.466336411155 0.0850000008941-1.1347508430480957, -10.755629539489746, 0.9166896343231201, -0.5447961688041687, 0.9141199588775635, 0.08898879587650299
1479775985.91 -3.13454406513268, 4.088756281604725, 0.6306467993009605, 0.960855738127357, 1.85676523306706, 0.5390289977961634 0.291273222852 -0.23729247378 0.211624763897 -0.463910146255 0.547541387327 -0.513443047225-0.470491277946 0.0850000008941-0.7681872844696045, -10.427390098571777, 1.30120849609375, -0.502045750617981, 0.8747290968894958, 0.09735077619552612
1479775985.94 -3.13454406513268, 4.088740835270403, 0.6157982780641964, 0.9609196539935185, 1.85676523306706, 0.5390240376586332 0.286790020445 -0.237257256493 0.212249722917 -0.467749887335 0.544056162299 -0.50996962391-0.47449332751 0.0850000008941-1.0815422534942627, -10.144527435302734, -0.5652533769607544, -0.8049049377441406, 0.7479789853096008, 0.1015041396021843
1479775985.97 -3.1345461956615526, 4.08872032893001, 0.596945361233362, 0.9610091362061457, 1.8567627030640246, 0.5390240376586332 0.281113838642 -0.237211550909 0.21313786371 -0.472592466115 0.539586686796 -0.505518600329-0.479534683964 0.0850000008941-0.7482765913009644, -10.020546913146973, 0.6352053880691528, -0.8865764737129211, 0.6424606442451477, 0.09692180901765823
1479775986.01 -3.1345461956615526, 4.088711806814521, 0.5847958206033387, 0.9610560078413313, 1.8567627030640246, 0.5390240376586332 0.277462122062 -0.237183163838 0.213766338026 -0.475688672124 0.536681225719 -0.50262354381-0.48276611561 0.0850000008941-0.8992027044296265, -10.088350296020508, 0.6848257780075073, -0.7173290252685547, 0.7558639645576477, 0.09407337009906769
1479775986.04 -3.1345461956615526, 4.088684642571402, 0.5734503548854376, 0.961123119500801, 1.8567627030640246, 0.5390215742346248 0.274065707181 -0.237155430389 0.214396293346 -0.478566495736 0.533952585477 -0.499911528207-0.485754268728 0.0850000008941-0.788904070854187, -9.873750686645508, 0.5529121160507202, -0.709409236907959, 0.7341663241386414, 0.10462354868650436
1479775986.07 -3.1345461956615526, 4.088660674121591, 0.5595061765758372, 0.961266930199665, 1.8567627030640246, 0.5390190775211029 0.269914516052 -0.237118035576 0.215214511769 -0.482105962536 0.530565433136 -0.496561269628-0.489388462832 0.0850000008941-0.943640947341919, -10.019193649291992, 0.5809551477432251, -0.8488962650299072, 0.7078201770782471, 0.10144085437059402
1479775986.11 -3.1345461956615526, 4.088635107775127, 0.5507053279899933, 0.9613340418591347, 1.8567627030640246, 0.5390166140970946 0.267295585651 -0.237095773193 0.215765486486 -0.484317129533 0.528420579173 -0.494433905696-0.491674406946 0.0850000008941-0.7505094408988953, -9.787910461425781, 0.0716465413570404, -0.8119544386863708, 0.7181417942047119, 0.08644169569015503
1479775986.14 -3.1345480598743154, 4.0886284498724015, 0.5426664763710481, 0.9614480251537909, 1.8567627030640246, 0.5390166140970946 0.264918977589 -0.237072124451 0.216279104059 -0.48635175566 0.526441016901 -0.492484524051-0.493741652144 0.0850000008941-0.7810360789299011, -9.933128356933594, -0.0742490291595459, -0.8362613916397095, 0.7392768263816833, 0.09591073542833328
1479775986.17 -3.1345480598743154, 4.088595959307103, 0.5335528395151744, 0.9615151368132606, 1.8567627030640246, 0.5390141173835726 0.26221659562 -0.237049278064 0.216896836676 -0.488620767238 0.524201763865 -0.490263172391-0.496088982323 0.0850000008941-0.9129162430763245, -9.659709930419922, 0.426308274269104, -0.8985658288002014, 0.6024372577667236, 0.10456016659736633
1479775986.2 -3.1345480598743154, 4.088570392960638, 0.5281107031171111, 0.9615641389773177, 1.8567627030640246, 0.5390141173835726 0.260607891077 -0.237035166556 0.217277997809 -0.489972845794 0.522859579135 -0.488933982282-0.497481689975 0.0850000008941-0.6926207542419434, -9.767525672912598, -0.3866974413394928, -0.9378648400306702, 0.6673516035079956, 0.09572839736938477
1479775986.24 -3.1345480598743154, 4.088553348729661, 0.5234084927384127, 0.9615939663815265, 1.8567627030640246, 0.5390116539595643 0.25921639137 -0.237023667462 0.217614291771 -0.491134607508 0.521697734285 -0.487780414865-0.498686813765 0.0850000008941-0.8764177560806274, -9.739669799804688, -0.1270011067390442, -0.907423734664917, 0.6684219241142273, 0.09935649484395981
1479775986.27 -3.1345480598743154, 4.0885192602677085, 0.5199154240736376, 0.9616195327279913, 1.8567627030640246, 0.5390116539595643 0.258185790419 -0.237014957028 0.217873565401 -0.491992146856 0.520837395478 -0.486927080141-0.499573972029 0.0850000008941-0.8190957903862, -9.653764724731445, 0.12274801731109619, -0.8519464135169983, 0.6933076977729797, 0.09693454205989838
1479775986.31 -3.1345480598743154, 4.08849209602459, 0.5170078846640299, 0.9616419032811487, 1.8567627030640246, 0.5390116539595643 0.257328707249 -0.237007649917 0.218091585185 0.49270555152 -0.520119613559 0.4862154262290.500311289489 0.0850000008941-0.923027753829956, -9.64516830444336, -0.08515065908432007, -0.834287703037262, 0.6969643235206604, 0.08781561255455017
1479775986.34 -3.1345480598743154, 4.088458007562637, 0.5156243058987064, 0.9616685348920493, 1.8567627030640246, 0.5390091572460424 0.256925863873 -0.237003298155 0.218199949157 0.493044307162 -0.519781599715 0.4858842042030.500650516706 0.0850000008941-0.7079246044158936, -9.631531715393066, -0.18197450041770935, -0.9455950260162354, 0.6739933490753174, 0.11135134100914001
1479775986.37 -3.1345480598743154, 4.088439099118897, 0.5151550902041482, 0.9616791875364097, 1.8567627030640246, 0.5390091572460424 0.256790063713 -0.237001740519 0.218238641999 0.493158051028 -0.519668380877 0.4857736723550.500763267293 0.0850000008941-0.7583637833595276, -9.65873908996582, -0.22501716017723083, -0.9444276094436646, 0.6314927339553833, 0.09418302774429321
1479775986.41 -3.1345480598743154, 4.0884100706630155, 0.5145695609489805, 0.9617004928251296, 1.8567627030640246, 0.5390091572460424 0.256622702686 -0.236999353863 0.218287510021 0.493301391271 -0.519527421556 0.4856379749320.500899943028 0.0850000008941-0.7724316716194153, -9.600489616394043, -0.3564954996109009, -0.9933871626853943, 0.63197922706604, 0.10333702713251114
1479775986.44 -3.1345501904031874, 4.088364264292266, 0.5143530126628435, 0.9617132759983624, 1.8567627030640246, 0.5390091572460424 0.256564430532 -0.236997663711 0.218314141972 0.493348058978 -0.519482863376 0.4855976123020.500939323958 0.0850000008941-0.6558458805084229, -9.643608093261719, -0.23198144137859344, -0.9466782212257385, 0.6308125257492065, 0.09806999564170837
1479775986.47 -3.1345501904031874, 4.0882891631495255, 0.5142828050786064, 0.9617281897004668, 1.8567627030640246, 0.5390091572460424 0.256551146499 -0.236996722903 0.218337173839 0.493352041524 -0.519482166309 0.4856005058870.500933319607 0.0850000008941-0.9187315106391907, -9.738689422607422, -0.28951606154441833, -0.9449503421783447, 0.6636815071105957, 0.10196584463119507
1479775986.5 -3.1345501904031874, 4.088191957769737, 0.514230673700268, 0.9617452339314436, 1.8567627030640246, 0.539006693822034 0.256545080938 -0.236995713326 0.21836440152 0.493346139171 -0.519491951525 0.4856143974810.500915518051 0.0850000008941-0.6694768071174622, -9.59588623046875, -0.2814788222312927, -0.966011106967926, 0.6423954367637634, 0.09958575665950775
1479775986.54 -3.1345501904031874, 4.088134167174083, 0.5142106334130652, 0.9617633434268562, 1.8567627030640246, 0.539006693822034 0.256546472196 -0.236994698912 0.218378946698 0.493343051412 -0.519499142667 0.4856259284030.500899922196 0.0850000008941-0.8019893765449524, -9.663463592529297, -0.3560349941253662, -0.9819545149803162, 0.6461954712867737, 0.10088176280260086
1479775986.57 -3.1345501904031874, 4.08811366083369, 0.5142026106402813, 0.9617708002779084, 1.8567627030640246, 0.539006693822034 0.256546889963 -0.236994278743 0.218384083721 0.49334256332 -0.519501312201 0.4856298915220.500894310507 0.0850000008941-0.7704281210899353, -9.617551803588867, -0.28280508518218994, -0.9517882466316223, 0.6462982892990112, 0.11610373854637146
1479775986.6 -3.1345501904031874, 4.088106736614855, 0.5141945878674974, 0.9617878445088843, 1.8567603062190434, 0.539006693822034 0.256548339935 -0.236993305626 0.21838456098 0.493348104894 -0.519499980443 0.4856312601460.500888906731 0.0850000008941-0.7619221210479736, -9.702980995178223, -0.29539933800697327, -0.9716015458106995, 0.6299317479133606, 0.08958520740270615
1479775986.64 -3.1345501904031874, 4.088101676608784, 0.5141885624655311, 0.961797431888809, 1.8567603062190434, 0.539006693822034 0.256548983431 -0.236992762579 0.218385252655 0.4933516687 -0.51949852066 0.4856321267340.500886070386 0.0850000008941-0.7887179255485535, -9.696070671081543, -0.3119732439517975, -0.9733366966247559, 0.6553427577018738, 0.10878296941518784
1479775986.67 -3.1345501904031874, 4.088093154493296, 0.5141825703530785, 0.9618048887398611, 1.8567603062190434, 0.539006693822034 0.256549365288 -0.23699234367 0.218387138602 0.493353553793 -0.51949827078 0.4856336644390.500882981923 0.0850000008941-0.7175251245498657, -9.59437084197998, -0.27996203303337097, -0.9589325189590454, 0.6320576667785645, 0.10507811605930328
1479775986.72 -3.1345501904031874, 4.088093154493296, 0.5141785423219297, 0.9618123455909133, 1.8567603062190434, 0.539006693822034 0.256549815221 -0.236991921877 0.218386673385 0.493357095742 -0.519496352478 0.4856335374530.500881605914 0.0850000008941-0.7913259267807007, -9.761968612670898, -0.30468249320983887, -0.9668213725090027, 0.6623809933662415, 0.09663917124271393
1479775986.74 -3.1345501904031874, 4.088088094487225, 0.5141765449511121, 0.9618198024419655, 1.8567603062190434, 0.539006693822034 0.256551247987 -0.23699150773 0.218387425734 0.493358805342 -0.519496288228 0.4856352829920.500878296218 0.0850000008941-0.6579658389091492, -9.588508605957031, -0.2983873188495636, -0.9674257040023804, 0.6427804231643677, 0.09516000747680664
1479775986.77 -3.1345501904031874, 4.088088094487225, 0.514172550209477, 0.9618251287641462, 1.8567603062190434, 0.539006693822034 0.256551215331 -0.236991206923 0.218387188156 0.493361610658 -0.519494621327 0.4856349006320.50087763259 0.0850000008941-0.8352187871932983, -9.681747436523438, -0.28759777545928955, -0.9534810781478882, 0.6421685218811035, 0.09117458760738373
1479775986.81 -3.1345501904031874, 4.088086230274461, 0.5141705195491458, 0.9618325856151984, 1.8567603062190434, 0.539006693822034 0.256552351455 -0.236990791506 0.218387065097 0.493364204381 -0.519493661535 0.4856357229080.500875275989 0.0850000008941-0.6501191854476929, -9.72990608215332, -0.32280758023262024, -0.9819419980049133, 0.6345983743667603, 0.10287796705961227
1479775986.84 -3.1345501904031874, 4.088084632377807, 0.5141685221783283, 0.9618368466729423, 1.8567603062190434, 0.539006693822034 0.256552812043 -0.236990553035 0.21838712424 0.49336576802 -0.519493024231 0.4856361208780.500874010925 0.0850000008941-0.7829917073249817, -9.568561553955078, -0.27454331517219543, -0.9455112218856812, 0.6459028124809265, 0.09936114400625229
1479775986.87 -3.1345501904031874, 4.088084632377807, 0.5141665248075107, 0.9618421729951221, 1.8567603062190434, 0.5390041971085121 0.256553427299 -0.236990255004 0.218386720872 0.493367369057 -0.519492547459 0.4856369317070.500872142214 0.0850000008941-0.8161133527755737, -9.695940017700195, -0.3143635094165802, -0.9566247463226318, 0.6549332141876221, 0.10544236749410629
1479775986.91 -3.1345501904031874, 4.088083034481153, 0.5141665248075107, 0.9618474993173027, 1.8567603062190434, 0.5390041971085121 0.256554697438 -0.236989962334 0.218386546781 0.493368834819 -0.51949225044 0.485637909220.500870058688 0.0850000008941-0.746573269367218, -9.643959999084473, -0.30025359988212585, -0.9532351493835449, 0.6429722309112549, 0.09255924820899963
1479775986.94 -3.1345501904031874, 4.088083034481153, 0.5141645274366932, 0.9618496298461743, 1.8567603062190434, 0.5390041971085121 0.256554539814 -0.23698983753 0.218386484638 0.493370108296 -0.51949144372 0.4856376298690.50086991185 0.0850000008941-0.8265573978424072, -9.626429557800293, -0.26596543192863464, -0.9470624923706055, 0.6313275098800659, 0.11439073085784912
1479775986.97 -3.1345501904031874, 4.088083034481153, 0.5141645274366932, 0.9618517603750467, 1.8567603062190434, 0.5390041971085121 0.256555005288 -0.236989722769 0.218386272008 0.493370819073 -0.519491185396 0.4856378798120.500869237301 0.0850000008941-0.7266298532485962, -9.7439603805542, -0.30788910388946533, -0.9661750793457031, 0.6494585275650024, 0.09872854501008987
1479775987.0 -3.1345501904031874, 4.08808117026839, 0.5141624967763619, 0.9618570866972265, 1.8567603062190434, 0.5390041971085121 0.256555711853 -0.236989426115 0.218386350922 0.4933726265 -0.51949054092 0.4856385101650.500867514179 0.0850000008941-0.8298212885856628, -9.61805248260498, -0.2560131549835205, -0.9438276290893555, 0.6304219961166382, 0.09860188513994217
1479775987.04 -3.1345520546159507, 4.08808117026839, 0.5141624967763619, 0.9618570866972265, 1.8567603062190434, 0.5390041971085121 0.256556163874 -0.236988936773 0.218386350922 0.493373121925 -0.519490070403 0.4856389878290.500867051038 0.0850000008941-0.7053655385971069, -9.652608871459961, -0.3273369371891022, -0.9931597113609314, 0.6521300077438354, 0.09582263976335526
1479775987.07 -3.1345520546159507, 4.08808117026839, 0.5141604994055444, 0.9618592172260989, 1.8567603062190434, 0.5390041971085121 0.256556029323 -0.236988811372 0.218386284027 0.493374376037 -0.519489286516 0.4856387339190.500866874911 0.0850000008941-0.7893860340118408, -9.672569274902344, -0.278761625289917, -0.9600933790206909, 0.6506254076957703, 0.1047249436378479
1479775987.1 -3.1345520546159507, 4.08808117026839, 0.5141604994055444, 0.9618624130194071, 1.8567603062190434, 0.5390041971085121 0.256556725306 -0.236988638332 0.218385961042 0.493375441585 -0.519488908158 0.4856391034790.500865859401 0.0850000008941-0.7401288747787476, -9.609212875366211, -0.31760886311531067, -0.9641902446746826, 0.6488149166107178, 0.0894666239619255
